100
0 0 17 19 13 8 38 3 0 12 38 21 8 36 25 0 46 15 18 24 3 9 41 41 29 45 9 26 0 26 23 21 36 16 29 32 1 41 32 31 23 43 2 25 31 0 46 20 0 25 10 27 42 2 33 23 19 24 39 31 37 15 7 19 29 8 9 12 24 44 45 4 0 41 19 39 7 0 46 4 5 32 25 11 48 4 42 0 34 16 27 40 46 42 0 9 44 6 28 46 
3 0 24 6 20 16 44 28 0 0 20 8 46 0 12 8 0 48 0 25 41 0 46 11 0 20 0 0 4 7 36 40 39 41 6 30 0 17 30 5 0 3 12 46 12 30 7 17 21 2 31 10 36 0 24 2 2 49 21 0 21 41 11 22 36 19 42 18 4 44 16 13 15 10 47 0 43 6 48 47 31 37 43 35 32 33 4 8 47 17 26 21 49 0 43 0 14 28 17 6 
26 15 0 14 12 0 5 14 31 19 11 8 7 0 34 2 42 41 31 39 0 14 6 44 47 27 41 49 42 26 11 19 4 14 6 4 21 32 35 22 0 13 19 1 38 0 19 13 4 26 24 2 3 6 6 35 34 23 35 41 42 4 43 42 20 2 30 26 21 19 19 39 0 0 45 33 11 16 29 40 21 36 0 34 9 37 14 48 0 41 0 42 0 10 29 23 43 1 33 25 
18 14 24 0 0 44 7 6 37 45 45 35 7 12 12 49 33 10 40 38 40 0 12 4 0 45 15 46 8 43 10 40 26 22 49 15 38 1 6 4 24 20 39 32 0 22 6 36 4 27 0 16 43 47 0 9 1 0 11 15 9 0 30 31 21 36 36 47 15 38 13 13 49 38 1 16 31 11 33 30 0 0 34 34 49 33 35 49 3 3 18 0 23 6 23 43 15 0 34 0 
3 0 15 6 0 41 10 29 13 26 42 33 39 15 49 17 35 30 38 15 45 30 48 4 48 8 7 21 22 33 37 11 49 12 1 41 10 38 35 3 4 39 19 0 0 24 31 37 21 19 0 32 43 28 13 0 25 49 15 45 25 29 5 16 14 31 0 0 44 5 0 0 30 36 13 38 12 23 27 43 36 49 21 16 2 31 12 35 2 8 33 36 1 21 30 35 22 26 12 25 
0 27 0 1 7 0 17 0 0 14 36 18 25 26 0 0 0 11 3 37 36 9 3 0 5 3 6 38 43 3 42 8 26 18 14 5 0 0 26 15 0 30 0 26 15 41 4 7 47 48 0 34 26 0 9 24 16 10 0 14 30 22 24 29 12 44 16 0 19 18 45 19 38 10 29 43 0 6 26 42 9 0 15 2 38 14 7 21 15 5 16 13 7 3 26 43 14 30 3 32 
42 28 38 49 4 34 0 4 7 4 41 45 8 39 43 10 32 47 36 11 0 41 15 43 37 40 1 20 46 28 5 40 35 0 32 46 18 7 17 4 48 37 34 19 24 35 21 39 12 16 0 7 25 34 14 4 46 17 41 0 19 39 9 34 42 7 47 32 20 45 22 30 7 30 41 6 14 42 45 44 14 26 20 20 42 39 27 39 45 41 0 43 47 20 7 46 8 30 28 41 
16 30 39 35 0 7 28 0 31 33 48 4 49 33 24 34 13 8 30 37 10 6 49 0 43 11 4 4 49 30 28 2 0 0 0 29 0 7 0 19 40 0 8 44 48 20 49 10 17 2 1 12 2 0 0 7 31 42 0 28 24 0 7 17 5 46 38 33 40 43 10 38 41 29 37 48 31 48 2 26 46 9 35 0 33 12 34 0 0 2 0 1 24 27 17 17 2 33 15 45 
39 6 20 3 0 11 31 25 0 14 31 14 31 0 44 9 4 38 0 30 43 24 0 36 5 0 10 0 16 18 34 5 48 0 29 9 34 14 36 10 47 4 13 22 46 37 12 0 10 48 20 22 0 0 9 7 4 43 35 20 29 46 34 11 48 0 14 31 11 1 49 46 21 46 1 17 48 7 12 23 30 48 16 8 6 34 8 0 10 49 8 48 30 14 22 0 37 11 16 17 
4 19 32 12 7 8 36 13 44 0 3 3 19 26 19 46 0 9 20 46 37 27 23 19 40 35 13 45 35 0 40 4 0 17 46 15 0 3 49 43 3 0 43 18 0 0 28 29 45 49 3 45 17 30 48 16 14 44 35 8 32 19 12 16 35 0 9 49 9 45 11 0 0 17 0 33 0 23 24 5 35 9 0 47 11 15 14 33 49 23 3 42 47 31 31 0 19 5 41 44 
13 15 46 6 14 39 1 5 0 37 0 27 20 14 35 34 40 17 29 0 19 41 39 19 6 28 42 11 47 42 18 29 13 36 20 24 45 5 29 33 39 16 25 3 35 26 9 45 48 46 48 10 36 31 2 9 33 9 2 10 11 0 31 12 14 0 26 16 44 9 27 39 26 39 35 0 2 47 33 12 31 38 47 2 30 28 38 16 26 5 19 8 0 18 0 36 29 25 1 46 
33 36 45 31 18 2 13 45 17 13 26 0 12 0 27 18 22 4 40 0 18 39 1 29 3 31 0 3 43 7 30 11 31 12 7 30 41 0 33 0 7 17 1 11 19 20 0 14 4 13 30 4 28 30 46 23 27 18 14 43 11 45 0 25 21 17 40 8 20 0 14 17 46 31 39 1 0 6 11 33 0 46 23 25 15 4 31 21 42 42 37 0 16 7 11 1 2 37 49 27 
45 14 39 26 27 33 44 44 11 10 47 43 0 24 0 0 0 20 44 9 23 20 21 48 27 19 47 25 28 5 26 12 6 47 33 44 36 0 14 35 25 10 33 12 4 33 35 3 42 0 31 38 1 35 18 30 16 26 42 46 5 40 0 5 16 14 28 35 28 29 39 9 12 43 9 25 24 6 18 22 44 8 5 0 45 5 0 48 17 9 4 48 43 0 44 41 4 0 8 0 
32 3 6 24 0 11 35 4 1 19 0 16 25 0 36 18 43 3 32 0 23 10 0 37 1 45 37 43 30 43 23 40 21 47 43 38 9 24 8 33 33 4 18 14 38 23 33 26 22 1 39 0 27 9 45 7 0 6 13 21 39 8 8 0 30 15 38 16 22 0 0 44 45 14 30 41 7 26 49 16 41 14 24 37 39 9 26 35 34 17 48 4 1 23 40 0 33 18 15 4 
20 16 2 0 28 48 10 46 28 24 31 3 15 4 0 0 7 25 20 40 43 14 1 0 0 34 21 45 0 47 21 0 28 43 45 13 49 34 3 47 20 36 31 10 0 11 27 7 2 48 18 13 29 4 19 48 8 0 4 22 7 0 27 39 17 45 21 5 46 23 37 0 3 24 22 42 10 17 42 0 32 39 0 38 11 43 40 0 49 12 12 33 20 15 25 41 0 0 47 14 
33 0 36 37 38 20 48 42 12 8 49 49 0 41 24 0 1 24 18 14 9 29 9 0 23 16 46 42 42 18 47 9 0 11 24 36 20 0 16 10 39 10 23 41 17 18 24 49 1 2 32 5 28 42 0 17 26 17 15 5 48 38 28 2 48 45 39 18 29 38 0 15 32 0 13 19 0 9 46 10 47 26 12 26 16 15 23 16 30 26 45 14 27 36 27 17 16 0 43 36 
30 18 0 33 44 22 25 24 21 39 42 22 23 0 36 40 0 0 47 6 35 47 48 18 14 7 0 18 6 31 10 0 0 5 2 2 0 34 8 0 8 35 46 37 17 11 16 26 30 0 3 21 20 49 0 45 47 7 34 45 9 22 0 23 33 0 43 40 20 7 28 0 38 10 1 14 11 0 19 34 4 1 47 24 15 40 1 4 0 44 20 31 5 6 47 14 31 36 10 3 
4 3 45 5 26 44 44 6 7 49 38 0 25 48 2 45 0 0 14 2 2 15 0 13 31 33 32 8 19 28 16 26 5 39 24 23 4 0 22 47 0 0 26 20 12 25 40 0 12 40 37 19 0 24 22 21 32 14 12 44 20 0 0 48 5 40 31 8 30 11 33 43 19 30 18 13 14 0 11 2 29 22 45 0 37 39 43 31 6 37 27 11 42 8 8 35 11 27 48 37 
25 11 4 27 45 22 4 0 45 7 38 4 10 46 2 22 32 39 0 30 41 26 7 20 14 11 5 1 24 0 44 44 22 46 43 34 32 17 0 44 32 0 7 0 20 8 4 0 42 48 9 41 0 5 19 49 7 11 13 39 36 5 0 32 19 37 21 48 18 0 0 27 28 33 0 25 16 0 10 34 22 0 43 25 48 0 39 17 47 36 1 11 44 23 2 25 41 16 11 0 
42 0 14 24 25 47 38 36 2 48 23 37 15 14 10 26 6 28 7 0 33 0 29 17 35 44 32 42 15 0 42 36 45 27 21 13 49 40 45 23 0 19 46 0 0 0 15 41 16 0 16 35 31 11 0 30 28 44 17 43 48 17 0 42 10 41 16 49 0 25 16 28 14 40 47 19 42 19 22 49 31 26 0 6 26 27 29 45 47 2 2 34 18 24 36 39 0 0 35 0 
27 0 26 41 49 20 15 43 21 23 0 12 21 26 34 19 41 0 44 36 0 37 41 0 18 43 12 36 43 33 0 10 21 34 48 0 34 14 0 40 20 26 44 30 13 14 10 3 47 9 12 24 30 43 8 26 6 1 0 11 23 18 47 1 35 9 0 49 29 38 39 13 19 20 21 32 29 1 18 44 15 46 35 35 13 37 21 33 2 26 18 28 34 6 32 8 27 27 23 40 
10 16 24 18 27 20 14 12 45 44 17 26 10 4 5 7 18 49 5 10 17 0 42 30 3 34 43 0 41 31 35 34 14 19 5 46 43 26 4 30 33 19 19 34 18 4 41 5 0 29 44 3 31 0 9 22 4 48 38 44 0 0 49 39 27 39 6 25 40 23 1 7 0 40 0 8 47 7 48 6 42 17 48 0 5 46 40 17 1 14 13 8 41 37 30 12 29 40 24 16 
2 46 10 13 47 0 32 0 31 11 16 43 27 3 23 0 26 0 0 14 14 13 0 2 5 8 39 17 28 0 34 0 0 4 39 20 21 0 10 9 45 3 0 16 9 41 42 18 40 0 48 4 45 21 0 25 46 6 39 30 22 24 41 8 30 3 27 34 8 49 45 5 41 14 29 12 43 43 4 35 12 41 36 18 23 16 42 49 23 39 47 26 10 0 0 0 29 1 48 38 
31 14 19 0 44 0 34 40 11 43 16 0 7 42 20 36 19 44 27 33 0 25 0 0 9 11 45 41 10 44 6 19 20 12 28 38 3 17 35 9 32 42 29 21 45 0 29 42 14 3 6 0 0 46 23 0 43 45 29 41 25 20 6 40 40 4 19 0 0 10 39 14 7 0 0 49 18 0 39 9 39 5 8 41 21 49 49 0 33 35 34 24 25 19 1 4 3 0 9 11 
42 23 1 38 41 2 21 0 49 40 32 15 0 21 34 32 23 0 35 21 31 47 16 12 0 40 39 12 49 4 18 3 46 13 30 39 0 22 6 32 36 17 19 46 42 38 15 29 9 46 41 28 35 41 44 19 45 25 25 21 10 16 36 3 25 0 3 30 9 40 0 0 25 8 0 38 0 47 39 7 3 3 48 44 6 34 12 17 25 47 0 33 37 26 18 14 0 0 23 40 
25 32 18 14 12 46 0 32 39 40 40 45 17 2 23 38 20 1 38 15 48 14 49 37 26 0 47 0 26 39 11 0 34 5 2 13 0 26 23 0 10 49 27 46 45 5 7 33 9 36 15 28 47 0 0 17 45 1 39 0 19 21 12 27 29 22 0 39 14 29 23 40 14 0 0 24 10 38 30 8 8 30 44 38 29 3 11 25 1 38 44 33 47 38 31 8 31 44 46 13 
0 28 21 23 18 8 49 10 42 12 20 32 4 23 11 12 5 47 24 29 14 0 0 31 27 46 0 48 33 46 10 16 40 28 22 13 35 11 10 36 6 23 0 19 41 5 4 27 6 13 17 44 4 14 36 49 3 21 2 36 21 20 5 44 0 47 38 32 4 26 40 37 7 22 25 10 28 13 14 47 49 5 47 22 43 44 40 45 26 43 4 18 27 15 31 19 14 4 0 12 
49 12 14 20 33 1 44 38 20 34 12 43 34 34 39 44 12 14 4 11 19 12 1 48 1 30 0 0 1 27 47 21 33 5 30 49 0 10 38 1 6 13 10 10 36 33 44 26 13 33 0 14 0 34 41 2 47 14 2 28 0 10 6 13 6 14 18 49 18 5 14 0 8 44 32 19 5 49 20 18 0 3 18 34 0 5 13 48 37 36 0 32 34 17 16 0 41 0 10 33 
32 11 12 12 28 29 11 9 0 37 25 4 38 26 6 48 48 28 17 0 1 31 33 1 10 20 33 35 0 2 13 9 38 45 1 33 15 38 14 39 47 6 32 22 44 6 2 23 16 27 10 44 14 22 15 5 30 0 11 45 12 30 25 34 36 0 40 0 0 37 9 0 0 41 26 16 0 42 49 21 0 32 37 23 44 46 7 32 19 27 25 9 25 27 12 35 25 25 9 38 
49 40 12 16 42 24 41 0 11 34 33 10 45 23 39 25 10 21 46 42 25 2 42 28 37 3 36 10 33 0 15 46 45 39 20 0 9 41 26 6 2 0 0 23 41 7 13 36 46 47 37 16 46 9 41 34 25 33 46 17 14 0 9 15 0 11 0 30 27 36 48 40 36 44 48 9 26 9 0 36 4 22 25 0 17 0 46 38 46 9 43 0 0 21 0 16 8 4 31 0 
17 48 0 37 18 1 43 33 13 45 14 44 35 0 38 15 28 37 26 49 36 24 17 2 46 34 2 0 45 19 0 43 45 12 22 49 14 35 47 18 0 31 9 24 35 46 33 24 21 36 8 40 0 13 0 20 12 23 11 0 3 0 27 10 46 23 38 26 29 12 8 36 0 8 20 43 29 0 34 43 19 44 7 23 30 35 19 0 15 14 28 16 23 35 40 18 0 35 35 11 
17 31 33 7 22 42 28 16 0 0 0 32 16 7 8 26 36 0 0 31 4 29 11 10 17 29 48 2 34 6 0 0 49 2 1 30 11 49 0 21 11 3 10 32 6 0 49 45 20 0 49 10 46 19 38 2 3 1 48 2 19 37 36 0 32 16 42 47 19 0 49 10 0 45 10 18 45 37 21 34 6 41 32 37 39 48 14 14 32 34 20 23 46 37 0 40 13 1 19 9 
0 46 24 33 1 31 15 16 32 0 5 0 43 5 4 0 1 22 0 36 6 25 14 15 32 17 0 38 0 7 47 41 0 10 27 12 3 45 42 20 17 16 30 49 37 26 38 8 0 13 0 46 11 8 22 13 31 38 32 0 25 40 30 0 23 13 29 16 14 29 43 38 45 26 15 19 23 7 12 35 15 48 28 32 23 23 9 22 15 0 44 44 4 39 4 38 48 0 6 2 
37 35 0 25 0 46 0 5 10 0 7 43 32 0 48 40 0 6 3 10 40 23 44 38 42 36 46 0 0 22 0 22 20 0 21 44 9 3 11 48 0 46 0 13 38 27 0 38 30 6 16 27 0 0 30 23 33 10 44 0 0 20 38 44 12 27 7 16 43 1 18 1 24 6 6 43 16 7 48 17 43 24 0 33 0 35 6 30 13 8 11 39 37 49 4 0 29 22 24 0 
1 19 26 30 3 0 0 15 0 5 27 42 0 28 27 9 28 48 28 0 27 6 12 29 35 12 6 20 2 0 0 4 20 40 0 37 15 14 38 22 5 33 0 32 0 0 17 43 48 0 48 0 0 9 43 30 18 45 46 20 27 28 10 24 30 6 35 0 23 21 23 34 40 44 47 41 33 36 25 43 46 19 48 49 28 10 43 23 17 24 9 15 26 32 37 37 35 37 41 30 
17 35 37 0 4 25 36 18 47 29 23 0 41 14 0 7 24 44 8 32 14 38 0 34 42 46 19 13 18 35 8 0 47 25 40 0 1 41 41 13 32 14 42 0 26 24 48 23 26 5 40 21 26 29 45 32 32 14 41 32 17 0 15 31 29 10 33 12 22 41 10 34 0 12 11 0 39 3 28 49 22 22 47 14 1 36 32 4 18 33 22 0 5 0 2 0 48 48 27 28 
46 20 38 22 33 38 28 37 6 48 0 47 33 17 23 36 14 47 49 0 31 20 2 5 44 16 4 0 44 46 0 29 27 29 30 30 0 47 38 47 17 5 34 47 11 19 14 20 18 5 1 47 40 4 40 47 42 3 20 22 22 30 37 48 14 40 24 19 11 0 48 27 45 19 15 48 7 47 39 36 4 26 18 17 13 48 26 16 16 0 10 25 17 46 34 33 42 11 25 43 
49 36 25 7 38 28 41 3 24 31 10 18 44 44 31 22 45 2 28 9 32 0 18 34 0 39 39 30 0 29 36 12 11 29 17 41 24 0 0 22 32 12 41 20 7 0 6 17 8 0 35 43 47 38 20 42 8 2 17 1 5 45 23 10 5 20 30 28 33 14 14 3 3 16 11 44 2 23 19 47 25 0 21 6 42 10 31 32 9 48 20 25 10 39 5 32 1 14 44 20 
12 0 14 4 13 7 34 1 45 8 42 21 4 41 39 29 0 25 13 16 7 36 0 16 18 33 33 30 46 19 45 37 14 10 5 18 29 39 0 18 3 26 41 33 4 46 7 32 43 45 10 0 36 42 4 25 0 0 12 18 45 7 47 29 2 0 11 10 31 5 7 8 21 47 3 26 34 9 45 46 12 12 22 18 0 0 20 48 29 12 39 45 3 48 25 40 20 48 0 5 
46 20 34 44 18 11 46 13 22 14 14 13 41 16 19 40 9 44 42 29 44 16 0 11 16 22 0 26 25 7 32 0 7 19 37 29 44 3 29 0 38 30 49 10 1 10 25 5 13 46 0 34 18 26 12 41 33 44 5 22 46 38 35 40 7 40 0 18 12 47 33 26 28 2 24 27 11 25 13 47 10 41 40 13 26 48 18 23 2 43 25 19 4 27 2 15 21 16 8 0 
24 49 4 26 0 10 0 18 5 40 25 45 38 0 32 19 5 43 43 6 0 32 44 22 6 0 11 8 0 18 28 23 29 27 35 16 31 0 46 0 0 44 7 20 2 38 0 40 3 8 0 26 35 47 16 6 31 48 28 0 26 10 29 5 23 3 4 9 37 45 48 37 0 38 0 11 16 36 19 41 37 29 0 19 4 2 15 0 49 4 28 14 33 48 49 1 28 40 31 44 
9 0 26 33 1 20 0 9 36 27 5 25 7 9 14 9 45 7 40 21 17 14 31 43 45 13 15 9 7 37 47 20 11 36 16 37 28 10 27 5 47 0 2 1 9 16 47 17 6 33 39 0 2 38 0 26 44 47 49 20 39 35 22 26 38 27 46 22 18 11 27 0 47 31 45 12 49 30 46 20 25 49 46 13 8 29 24 24 0 9 6 0 16 3 13 47 29 0 15 35 
19 19 0 43 28 45 22 39 35 31 35 28 31 27 3 11 42 0 0 34 38 45 7 33 9 20 17 49 11 21 34 0 15 2 29 10 25 1 0 13 12 34 0 26 38 8 31 7 47 13 0 0 8 38 3 29 11 39 39 18 3 0 14 28 13 37 38 23 0 32 27 11 21 47 36 0 14 43 41 5 1 35 24 0 42 47 2 18 31 29 25 11 47 33 13 13 16 29 2 0 
7 48 41 12 5 1 41 19 15 34 4 46 17 36 8 2 2 42 0 7 0 34 30 24 19 46 28 0 22 24 15 14 9 16 42 43 1 18 22 41 5 49 5 0 2 40 36 49 11 46 45 34 49 12 30 15 11 30 0 25 0 14 0 18 8 28 3 16 45 20 6 0 40 46 6 14 31 45 15 4 21 45 34 31 0 13 17 5 17 15 45 12 0 1 12 30 16 26 18 49 
41 32 46 31 31 24 0 22 0 44 0 36 30 13 33 31 30 49 1 3 36 45 22 0 32 41 0 42 27 30 41 47 11 37 21 48 5 33 37 36 0 0 28 41 0 19 39 47 10 42 0 46 44 40 33 29 1 20 2 37 8 8 39 21 4 7 47 5 34 0 30 39 49 48 47 16 7 35 32 22 0 0 8 18 42 28 2 9 0 23 28 48 45 24 25 12 43 45 0 44 
5 10 18 37 30 31 19 33 28 25 37 6 13 24 43 15 0 19 26 19 0 7 4 13 38 1 11 16 13 45 0 6 27 10 17 0 0 48 25 46 1 21 27 0 43 0 0 0 18 44 18 30 3 19 34 0 45 36 27 43 13 11 22 38 23 13 26 32 0 40 12 26 28 20 19 38 32 1 0 4 11 0 15 0 5 0 17 35 15 28 11 26 45 32 1 47 0 13 33 21 
1 11 41 3 8 38 22 40 23 9 30 23 25 4 30 31 7 33 43 28 45 0 9 17 45 11 19 0 1 10 26 19 10 13 40 41 0 39 17 27 29 16 45 6 18 24 0 27 0 38 31 48 30 0 47 16 30 29 4 0 34 2 0 23 39 0 18 36 3 34 6 26 4 39 0 0 12 39 46 15 48 26 9 8 0 23 9 33 7 17 0 23 21 9 48 32 20 0 40 9 
13 25 22 8 1 12 8 29 0 36 13 9 0 0 33 32 37 28 3 0 16 24 31 30 43 1 4 11 40 12 5 42 3 3 4 6 7 24 31 20 38 0 11 5 26 0 10 0 31 27 46 31 8 43 29 34 35 1 37 38 13 6 24 33 41 0 9 9 11 11 32 30 9 7 1 39 13 41 27 0 26 0 23 34 0 18 11 32 48 15 19 11 0 31 10 7 28 16 21 21 
34 40 6 0 10 41 5 1 30 14 43 14 3 0 34 13 9 0 29 12 9 31 44 9 28 1 28 0 12 42 38 11 15 0 39 29 6 41 2 31 4 30 47 47 41 18 25 40 0 30 36 45 33 24 11 36 34 7 6 11 45 49 5 9 46 3 37 26 31 39 15 38 27 0 24 25 17 18 0 38 14 15 27 7 19 13 14 16 5 6 0 36 36 13 32 23 20 42 31 33 
0 6 47 0 23 47 0 9 0 48 17 15 36 26 0 20 10 2 36 7 23 0 24 29 0 25 44 27 42 0 29 16 21 49 31 0 13 48 46 16 22 0 20 15 43 19 29 29 11 0 3 46 4 22 37 1 25 41 43 20 17 0 41 33 3 43 10 22 23 36 29 40 43 40 0 16 1 31 32 42 42 40 5 40 41 19 29 36 30 0 20 30 0 43 34 0 8 0 7 39 
0 17 24 0 48 17 41 8 0 39 47 39 47 6 33 10 20 44 27 0 48 35 31 3 2 28 44 45 29 13 49 47 36 24 1 9 49 45 26 30 1 10 6 43 3 21 17 10 26 28 0 46 38 14 22 47 28 29 17 46 1 8 21 0 26 34 0 43 7 46 32 18 17 0 28 23 17 38 26 30 39 47 25 0 35 30 48 49 40 37 36 0 49 45 43 25 31 43 0 12 
26 37 33 29 38 43 47 35 0 34 14 1 19 5 41 3 0 43 28 33 18 34 22 32 25 39 49 39 0 1 0 10 42 44 0 38 36 27 17 2 9 9 0 0 5 6 26 23 0 20 32 0 5 0 22 21 20 26 43 40 13 0 49 23 7 38 32 30 22 42 24 15 49 22 0 16 18 23 34 0 39 48 26 27 0 14 0 25 23 14 0 37 1 24 38 0 0 42 9 6 
33 7 13 0 30 13 0 42 4 16 2 0 47 33 44 12 46 37 11 30 10 36 16 49 5 47 36 45 9 41 35 19 13 4 3 14 33 49 0 0 23 39 26 19 11 43 35 13 7 34 24 17 0 35 38 23 0 4 23 0 24 23 36 8 39 41 25 19 13 15 24 26 36 40 18 12 42 15 34 46 39 7 0 24 12 11 0 24 31 12 41 38 23 0 14 32 48 32 18 41 
38 35 32 44 38 12 36 49 47 39 24 16 42 35 39 22 18 20 23 20 31 32 7 0 8 28 17 42 41 3 43 18 24 2 8 12 49 15 8 0 10 1 9 0 40 48 6 26 0 39 46 1 41 0 8 27 31 39 24 46 42 25 0 43 42 0 40 0 18 36 48 0 10 30 23 29 0 34 37 29 5 32 43 42 19 9 0 47 49 27 11 13 22 16 31 2 38 37 49 48 
6 33 7 25 3 12 0 1 46 5 33 42 35 4 46 3 16 31 26 45 3 41 19 44 11 19 21 5 13 0 0 22 0 18 25 45 19 17 25 40 32 26 36 4 36 25 20 37 12 0 13 47 8 49 0 34 0 32 4 46 26 40 41 43 37 0 4 39 5 28 25 0 24 42 37 20 25 15 47 15 44 8 9 46 43 19 0 4 18 39 5 29 1 28 26 39 3 7 8 32 
23 4 29 10 12 45 20 32 46 26 10 33 20 44 26 16 25 0 26 2 18 0 30 20 17 35 37 27 44 16 8 43 0 8 29 0 42 37 34 29 36 27 0 35 2 36 44 5 9 0 18 14 34 17 24 0 28 31 4 17 0 35 7 0 7 38 0 38 45 27 36 2 7 40 36 29 32 32 19 28 0 29 15 0 9 33 17 0 0 41 5 11 21 47 0 0 9 0 17 32 
31 47 43 1 22 28 10 27 25 13 36 35 26 10 38 3 48 8 31 16 37 34 35 48 0 44 1 25 6 32 9 45 0 20 11 0 14 21 8 4 0 0 28 25 0 9 10 4 9 14 47 0 29 19 1 23 0 34 24 40 37 49 23 0 30 18 0 0 23 11 0 0 19 15 26 0 41 22 30 26 5 35 43 27 26 17 41 16 37 28 21 46 40 39 33 32 17 20 5 49 
48 19 39 0 2 38 0 12 0 39 24 28 48 7 20 47 0 45 1 20 49 41 34 4 49 0 44 19 24 37 7 49 26 13 19 2 11 7 0 44 13 40 0 0 21 24 3 46 46 18 27 6 27 0 39 28 28 0 0 26 3 34 16 9 0 0 18 44 16 4 6 31 35 21 10 21 48 44 42 2 27 14 7 18 17 38 28 10 39 10 0 42 3 0 38 13 18 0 15 0 
37 44 36 26 38 35 0 21 13 29 0 37 24 26 0 31 39 9 27 0 42 0 0 42 23 47 45 28 35 26 28 43 45 27 32 6 41 14 14 14 47 2 28 30 20 29 40 36 29 0 38 32 10 43 0 44 47 35 0 39 40 30 0 0 42 5 39 1 32 40 44 38 10 34 36 49 39 0 26 5 0 13 39 40 31 40 32 42 31 27 18 0 1 0 21 32 35 0 31 34 
9 37 0 19 0 28 0 17 34 35 30 40 1 34 17 45 0 21 45 31 34 22 13 47 0 23 10 14 28 43 18 21 42 14 29 33 0 19 5 38 2 25 9 1 32 32 0 34 27 18 21 9 13 13 0 24 9 4 30 0 42 32 13 36 39 21 0 34 28 0 40 0 1 12 25 3 2 10 20 0 14 0 9 3 42 0 7 41 25 7 22 16 27 48 47 36 44 21 18 42 
49 27 25 9 23 32 45 5 28 0 0 14 21 24 0 28 25 0 48 0 11 3 12 0 10 12 49 24 13 22 13 2 0 0 30 35 31 8 15 9 41 14 5 16 0 19 29 28 37 0 42 35 43 23 11 27 11 9 28 39 0 0 24 42 33 10 34 34 20 35 18 1 5 43 26 12 26 34 0 33 45 5 8 48 1 37 26 15 22 30 49 23 0 7 0 15 44 40 0 45 
4 44 3 32 24 1 20 11 16 32 2 37 17 13 3 29 39 17 45 22 8 32 7 8 0 6 17 10 20 47 48 9 23 45 44 23 43 36 11 0 0 44 46 46 31 36 2 44 1 0 15 0 40 33 6 13 9 19 0 11 29 0 38 11 25 0 5 3 0 6 18 19 7 6 19 0 1 0 29 27 21 0 48 35 38 37 24 21 27 29 15 0 30 1 0 1 46 1 40 9 
22 0 48 0 32 0 12 16 24 27 13 0 5 0 39 46 11 16 48 7 10 16 19 15 9 41 4 0 45 34 38 43 45 8 10 45 46 45 33 45 29 9 19 48 0 18 0 10 28 13 28 10 3 7 6 3 28 49 37 25 46 34 0 0 17 45 35 36 15 40 43 18 25 0 6 16 19 21 12 11 43 0 30 28 34 11 6 0 0 22 36 4 20 36 8 14 47 3 10 32 
25 0 21 26 18 26 17 8 13 13 32 33 10 4 37 13 39 0 34 12 45 12 0 2 26 0 0 17 9 15 10 44 1 25 38 19 2 38 6 30 38 17 9 43 5 3 24 33 32 30 47 12 38 31 47 19 30 30 4 8 0 6 0 0 44 16 26 47 28 14 27 25 0 35 30 31 0 0 4 26 35 11 15 16 25 47 37 13 46 48 0 20 0 9 39 20 47 1 39 32 
24 3 35 42 47 14 23 0 8 35 44 49 30 0 18 0 19 7 38 0 9 13 48 33 17 0 0 46 41 47 11 41 45 2 0 9 28 0 27 7 42 0 9 0 18 15 0 14 13 19 43 38 0 44 19 0 10 24 14 11 23 0 13 8 0 47 38 11 45 45 37 21 36 41 2 0 36 2 29 0 27 40 15 25 21 6 5 0 9 14 24 40 0 23 9 27 40 46 30 25 
29 18 25 13 42 12 23 42 47 42 31 0 40 0 12 0 37 22 17 1 39 45 12 19 26 20 42 32 46 5 4 15 20 27 0 36 38 9 34 16 0 14 43 23 18 46 0 41 45 21 27 24 14 13 13 1 0 30 7 33 29 17 0 6 44 0 8 17 35 26 4 44 43 2 9 6 43 9 27 28 6 22 48 15 2 49 0 25 0 0 0 2 15 21 47 0 29 18 7 34 
24 17 32 24 26 42 0 15 22 12 3 40 17 44 40 44 22 47 17 0 21 30 20 15 19 44 48 41 37 0 15 39 28 0 39 45 2 11 1 18 42 36 18 0 9 14 0 43 29 31 31 41 6 34 0 44 31 0 13 39 38 43 24 49 29 20 0 49 42 0 3 34 28 32 18 6 16 5 17 44 14 13 16 6 20 23 17 48 24 40 0 44 10 41 15 49 41 0 34 31 
42 0 14 19 0 13 30 24 5 2 12 3 43 9 49 46 34 0 28 31 23 27 8 19 11 0 2 14 0 13 0 1 4 35 28 27 21 30 32 39 28 38 28 32 43 2 43 7 31 8 9 5 18 7 16 9 2 47 6 35 38 48 38 2 0 2 0 0 40 11 42 0 0 47 22 25 31 36 30 16 48 27 40 15 43 21 17 20 44 17 26 31 23 32 41 40 43 41 3 31 
27 36 21 31 2 27 33 26 35 27 20 8 21 22 8 0 22 26 11 24 11 10 35 32 31 2 24 0 42 20 32 6 18 17 34 35 13 0 21 0 9 15 12 12 40 0 0 37 7 42 41 39 8 12 39 27 6 31 0 2 8 27 48 14 32 46 8 5 0 23 5 43 24 0 47 10 1 17 26 46 26 2 13 28 1 49 22 36 32 29 8 1 27 0 1 45 44 34 42 28 
32 23 28 2 31 3 44 8 2 37 14 25 0 1 20 21 23 5 14 13 0 14 7 5 0 27 6 30 4 46 2 24 25 36 27 39 36 4 21 37 0 4 5 15 0 39 39 6 48 47 30 43 6 28 12 21 42 30 41 20 29 38 15 25 24 3 29 33 46 0 0 41 23 0 38 25 37 3 41 48 10 31 0 41 19 21 28 46 20 8 38 8 14 35 9 47 0 3 21 35 
11 33 43 32 34 33 39 38 29 39 39 47 29 0 46 3 34 12 43 33 13 23 35 0 10 22 6 22 32 21 43 11 43 38 2 0 20 26 44 46 3 23 0 0 10 0 25 2 12 40 6 30 2 0 21 19 33 8 26 11 23 1 0 24 14 21 28 7 12 43 0 0 4 27 21 32 19 18 16 34 30 20 39 24 0 26 12 1 6 49 35 1 37 49 4 1 21 11 49 44 
21 35 29 46 29 21 0 45 41 43 0 5 16 26 22 28 27 47 23 10 46 13 12 32 34 16 28 19 36 23 0 29 24 17 41 42 8 27 1 26 37 0 9 13 26 7 32 21 2 26 44 15 46 0 49 26 18 1 38 17 48 21 8 0 43 15 40 29 8 24 7 0 0 12 13 13 0 45 47 31 3 18 0 0 4 30 20 14 41 2 4 7 6 32 8 1 24 24 41 22 
45 11 37 18 10 8 8 0 49 27 22 3 0 46 15 41 41 5 13 17 20 0 20 22 35 12 19 48 17 44 1 17 11 39 20 24 40 31 5 13 1 0 38 29 9 36 14 0 28 30 11 0 15 0 1 27 16 25 18 0 43 13 0 0 17 24 0 48 0 31 7 14 0 0 7 6 11 30 4 4 37 36 27 23 3 10 40 3 15 4 17 42 34 47 41 0 0 40 37 45 
0 16 36 9 9 8 38 34 29 0 48 38 2 11 25 17 3 2 6 3 10 33 8 38 0 0 37 0 33 30 20 3 10 29 39 4 11 13 33 11 0 42 32 1 26 45 23 21 9 38 11 49 26 29 17 16 9 1 22 13 25 37 24 42 12 33 32 49 26 0 0 49 20 0 38 21 0 5 49 26 7 16 4 48 8 16 46 20 17 25 29 24 43 32 8 13 8 27 12 9 
18 16 0 4 47 6 28 18 11 4 35 1 21 7 15 24 35 17 28 48 19 21 26 14 7 29 13 0 40 30 0 31 40 7 38 1 14 35 2 24 43 27 38 49 24 31 40 0 29 44 31 17 14 0 16 30 44 5 44 23 35 22 30 47 34 20 0 28 15 41 47 41 17 44 0 45 17 0 48 29 17 11 44 0 6 18 21 7 42 27 40 10 28 30 0 18 28 3 35 7 
0 21 44 13 11 9 27 1 33 8 14 37 17 32 23 35 41 0 0 34 49 31 27 0 9 8 10 0 0 16 31 25 47 38 13 9 27 34 13 32 0 0 23 47 33 26 31 0 43 48 37 44 37 12 43 34 49 6 41 39 14 7 27 29 0 13 19 22 8 44 26 28 33 0 3 0 24 21 38 39 35 39 22 23 26 3 0 34 48 4 4 10 2 8 0 12 20 7 44 5 
35 4 0 26 26 13 32 30 13 30 47 26 31 31 44 23 0 12 0 13 23 17 21 11 18 0 29 10 21 0 10 9 41 18 16 42 14 18 0 6 0 45 39 27 27 26 5 12 7 13 48 38 10 41 3 48 39 3 47 5 42 46 5 27 41 5 21 34 6 34 11 36 0 37 31 0 0 40 9 21 9 38 18 31 2 33 0 14 26 35 0 40 37 12 15 2 8 0 1 25 
0 45 44 7 17 34 1 0 12 9 0 29 2 38 30 4 45 4 48 2 32 42 43 0 27 22 47 0 8 33 12 14 24 15 12 38 29 0 0 15 49 33 43 38 24 14 8 7 30 21 1 49 26 0 13 26 10 0 20 31 37 40 0 16 43 0 30 0 23 32 19 19 23 37 0 19 26 0 34 0 35 24 18 12 12 35 21 3 0 27 15 0 46 26 48 9 4 21 4 21 
0 13 42 47 0 14 41 21 24 37 28 32 10 16 9 24 48 49 45 0 28 23 48 13 4 43 35 1 41 21 42 35 18 48 9 24 3 48 5 4 21 12 32 28 24 42 14 31 19 10 39 37 0 29 25 42 38 39 0 0 14 44 34 10 22 30 44 3 0 31 49 42 14 12 28 26 10 6 0 21 46 43 18 37 4 24 24 47 6 26 0 7 22 18 7 27 9 0 0 47 
22 42 15 12 10 13 30 24 48 17 23 33 37 1 0 48 16 27 0 10 30 37 38 24 10 14 37 49 20 41 39 17 42 38 21 2 48 27 26 5 0 1 10 27 19 18 24 10 32 9 22 28 22 49 23 30 26 0 37 36 38 5 38 3 6 27 48 5 0 8 10 0 22 18 1 13 44 36 2 0 48 48 45 15 30 45 14 21 1 21 19 15 46 3 27 12 11 4 31 13 
35 30 30 0 28 28 0 0 27 34 11 18 43 34 4 38 41 0 0 38 38 19 0 10 12 34 28 12 26 29 0 45 0 40 43 1 38 21 4 44 47 27 48 41 42 10 0 14 37 17 0 21 30 15 34 25 3 7 0 40 0 38 19 27 40 49 45 33 17 46 11 23 30 9 30 26 6 24 7 24 0 27 0 18 9 27 0 4 27 0 6 0 33 8 42 8 26 40 0 36 
17 30 17 15 3 32 22 26 47 32 27 19 33 3 33 7 42 3 18 24 33 10 17 8 1 44 35 20 33 22 39 0 2 11 19 31 48 27 2 34 37 6 18 44 8 32 21 19 11 37 40 23 32 42 49 46 31 40 20 5 23 35 49 25 45 16 21 31 37 29 17 49 12 15 29 16 25 48 43 36 0 0 21 45 16 1 23 41 0 28 3 29 39 33 30 30 40 2 12 21 
29 24 0 0 32 8 17 3 24 7 26 14 13 0 5 47 11 47 0 6 31 44 24 4 41 37 18 40 18 49 5 46 19 37 0 30 15 3 30 45 39 12 31 30 10 4 36 37 5 21 43 7 22 44 34 21 46 30 43 7 37 34 32 31 21 30 20 4 37 31 27 5 21 29 20 37 38 11 14 3 10 46 0 31 3 40 10 43 12 7 12 18 20 18 24 46 0 17 40 19 
40 48 0 11 1 1 15 49 14 42 12 39 6 29 44 37 7 47 22 44 16 21 18 7 41 31 24 11 27 7 47 35 9 38 31 35 5 0 5 25 27 0 5 35 22 31 25 38 0 28 28 25 8 8 27 48 0 11 38 11 0 15 35 9 0 0 38 2 49 5 49 45 15 25 44 38 35 6 3 29 13 43 1 0 48 33 22 16 0 47 48 19 37 19 8 28 36 21 41 33 
30 26 1 22 0 0 40 42 4 11 7 1 28 20 43 41 28 40 33 42 25 4 14 49 39 5 31 41 40 40 16 14 7 12 25 23 37 30 6 3 49 18 6 31 21 8 27 5 47 22 18 0 0 46 0 19 10 34 20 18 9 31 4 24 35 33 45 49 46 28 35 11 38 44 18 20 29 20 17 12 10 24 3 0 0 31 0 16 43 15 21 40 17 41 49 22 13 39 35 39 
24 43 19 49 14 26 23 38 27 9 6 34 17 16 25 39 20 26 0 25 30 9 12 27 3 33 0 31 35 10 0 31 29 27 2 45 35 0 5 28 20 27 48 44 26 0 15 44 26 23 11 43 37 42 42 23 23 1 0 25 27 20 1 28 25 28 30 29 25 42 16 25 5 14 36 7 2 41 13 19 37 47 0 0 36 0 24 0 1 1 19 43 16 13 48 0 14 33 1 0 
20 9 13 0 6 43 34 16 46 20 41 2 0 15 31 46 45 40 4 35 25 15 49 33 36 47 0 15 23 16 7 35 27 24 0 32 8 19 0 49 30 40 0 29 37 0 8 0 11 34 21 2 1 33 43 27 0 49 28 38 3 12 49 0 40 11 4 45 30 21 16 42 33 38 16 27 26 44 44 0 9 46 2 0 16 13 0 0 20 5 0 30 0 45 28 42 0 49 0 31 
37 47 9 36 5 48 41 34 13 36 45 39 0 8 49 32 36 27 11 28 49 43 18 36 27 0 7 0 39 10 13 27 1 38 24 16 42 0 18 11 39 33 0 16 39 14 1 0 2 33 43 11 20 25 12 31 6 29 31 22 28 22 17 47 44 10 22 37 24 45 45 44 23 0 41 8 47 21 15 42 0 35 9 4 11 30 45 0 12 0 36 0 25 33 42 29 5 28 32 27 
44 1 15 13 21 46 35 0 46 44 9 12 27 16 0 4 35 45 33 37 24 27 6 38 7 31 27 42 14 7 0 0 1 2 17 0 35 18 10 33 26 1 5 40 47 0 0 0 17 7 45 37 5 49 40 0 42 4 0 0 37 9 41 18 0 41 1 47 42 22 22 19 47 43 23 47 27 19 2 26 3 46 38 45 3 31 0 24 0 3 41 34 33 45 25 39 42 12 0 48 
34 16 16 49 46 41 0 1 47 14 33 46 16 37 4 4 44 45 25 0 12 12 7 41 11 34 4 28 45 29 13 38 49 20 42 17 28 20 42 37 29 5 46 9 43 17 1 0 19 36 4 3 20 43 14 2 25 40 8 43 45 47 4 42 1 6 28 4 36 9 47 15 29 47 43 49 40 6 36 45 10 44 5 27 38 0 28 9 40 0 1 33 32 0 30 33 0 3 15 34 
44 1 5 7 2 25 32 6 1 42 35 29 35 15 45 32 35 0 37 20 26 38 4 31 46 30 2 0 15 5 41 17 28 12 36 33 0 4 27 35 9 18 11 20 4 0 34 0 3 29 24 0 48 35 26 26 32 18 13 0 10 8 0 0 40 10 28 24 33 18 9 48 46 0 0 32 1 22 28 41 34 28 34 14 38 9 10 4 12 24 0 38 10 49 7 21 3 13 28 49 
35 0 33 46 14 0 39 30 37 0 40 24 5 27 9 18 44 19 33 18 0 13 14 20 0 25 28 0 0 44 0 5 10 43 3 48 34 46 13 32 15 47 0 10 13 45 0 0 0 0 2 13 37 22 40 39 10 9 17 47 29 45 0 18 48 46 0 38 5 18 41 8 42 16 33 11 37 13 46 11 40 3 37 1 3 37 6 22 0 12 46 0 14 47 46 0 14 29 33 2 
5 42 46 9 3 42 16 14 0 7 0 40 40 0 37 44 20 7 7 41 5 14 19 14 28 26 41 1 47 28 3 0 3 24 0 47 2 30 0 2 1 30 26 37 31 10 48 0 35 20 38 2 0 34 36 28 24 32 42 30 0 23 10 7 34 18 19 39 49 6 47 48 9 4 21 21 22 0 21 17 49 16 2 15 47 38 11 9 15 12 45 28 0 0 26 6 22 25 29 41 
2 41 8 15 40 19 0 17 36 33 46 39 7 12 22 30 32 49 8 4 12 13 0 0 21 8 27 19 10 39 0 18 42 31 27 39 17 46 13 9 0 21 23 0 46 7 15 18 42 26 48 1 7 38 29 31 24 0 2 27 40 44 15 4 4 0 33 3 12 22 0 36 7 44 8 13 28 14 37 34 35 23 32 14 27 26 9 14 46 9 35 33 0 0 12 47 34 27 14 14 
47 30 13 10 7 8 44 5 8 14 36 20 6 34 5 32 8 25 35 39 37 5 0 0 46 48 5 1 20 3 11 18 30 0 12 45 0 28 19 0 40 12 21 42 44 44 20 23 16 8 11 0 16 49 16 34 40 8 10 29 0 21 0 44 2 37 38 45 8 22 20 13 19 40 2 29 38 0 29 12 9 7 9 20 7 47 19 8 26 35 17 4 32 7 0 17 17 9 23 38 
3 16 37 0 27 0 17 47 15 38 0 6 0 9 21 3 37 0 2 24 0 6 45 40 34 5 15 36 35 44 20 26 44 41 40 20 21 22 2 36 43 9 0 13 45 22 29 33 32 28 24 5 42 23 29 0 25 11 41 44 0 46 35 42 18 27 14 32 9 37 30 23 31 8 12 44 28 32 33 10 7 36 49 5 5 11 5 0 33 0 0 4 13 37 41 0 48 23 39 47 
15 37 43 0 2 26 45 0 0 43 32 11 19 0 0 32 40 15 40 37 0 7 49 10 44 16 48 32 4 30 0 21 34 0 38 39 12 22 3 0 25 47 42 10 39 39 18 39 39 35 23 3 1 46 49 28 18 3 45 43 39 8 41 23 36 2 18 16 29 0 0 1 38 2 0 23 30 18 0 28 22 42 3 16 8 0 29 32 27 26 0 5 11 9 0 2 0 3 2 34 
14 44 13 38 47 19 16 32 44 16 30 2 44 7 45 40 10 5 1 18 5 44 28 3 13 20 15 0 2 11 49 16 22 33 8 7 34 38 0 5 26 24 49 10 40 37 1 39 4 0 40 17 6 22 20 35 47 13 20 10 27 15 14 38 17 38 33 0 42 38 3 10 17 4 10 39 39 44 41 45 0 45 37 19 43 26 24 44 33 27 32 0 7 39 42 33 32 0 46 47 
30 12 46 37 22 7 19 39 0 11 14 22 29 10 12 13 2 7 9 23 27 17 34 1 35 41 4 32 41 0 0 32 39 29 43 13 18 0 2 38 16 7 43 18 39 40 45 12 0 18 34 9 37 42 20 1 17 35 11 27 6 40 30 43 49 43 0 2 27 3 16 26 0 17 36 25 6 28 38 14 16 16 29 14 0 38 27 0 4 41 12 29 0 40 42 8 3 7 0 46 
23 0 29 0 6 29 23 0 10 15 0 22 22 39 46 44 4 35 7 11 5 40 23 12 32 11 42 27 40 27 0 11 18 39 19 45 33 4 7 32 19 21 38 0 3 28 19 2 13 11 14 0 33 33 47 31 9 32 33 49 41 33 12 5 33 7 48 8 36 44 34 26 18 44 34 47 34 38 25 39 24 11 8 20 16 41 49 0 27 16 41 1 39 44 7 21 9 49 20 0 
