0 43 43 27 21 0 33 6 3 3 21 12 15 0 34 45 38 19 14 17 18 37 0 28 18 4 47 33 34 42 21 38 0 34 34 38 29 43 17 44 36 34 4 12 35 28 0 3 42 33 34 5 30 23 35 33 2 25 9 0 12 14 17 1 13 0 44 42 7 39 0 43 0 42 28 24 11 40 16 34 43 39 39 30 36 25 5 24 2 44 0 28 0 0 9 19 34 26 8 23 1 2 6 12 13 0 6 32 41 49 29 9 38 25 42 14 38 13 0 44 6 0 0 11 23 0 33 4 8 42 49 8 33 6 5 13 28 40 48 2 30 47 33 0 16 0 38 23 0 6 
14 0 3 42 27 34 0 0 4 32 19 45 38 8 25 14 4 46 20 37 14 0 39 19 0 33 44 29 11 44 44 2 27 3 18 0 40 25 40 0 14 22 12 8 0 0 3 20 27 49 49 0 23 18 47 21 22 33 15 18 35 45 23 7 46 21 36 5 6 18 7 16 0 8 34 7 35 46 30 31 28 27 15 20 28 36 0 39 2 42 8 41 3 49 16 38 11 18 39 48 35 32 16 36 22 43 12 10 36 37 4 49 0 26 25 0 32 7 1 0 20 28 20 2 30 45 31 28 9 36 0 8 0 10 30 46 5 13 24 20 4 40 10 3 22 41 7 26 0 13 
27 32 0 17 19 7 41 7 12 49 43 11 34 17 0 24 36 12 2 1 48 32 43 45 0 1 23 11 9 6 31 36 9 0 48 20 0 0 0 39 6 37 13 29 17 31 44 10 44 23 8 3 34 10 0 39 0 20 35 38 49 6 14 19 38 16 38 15 49 6 33 0 8 37 12 47 0 46 11 33 43 4 13 10 15 23 0 22 48 8 12 8 21 29 6 47 26 11 38 12 38 0 13 19 49 15 33 47 19 0 27 44 27 23 25 37 25 34 16 11 0 21 43 44 42 15 3 37 6 16 13 0 45 16 33 30 20 30 14 45 48 24 0 29 48 10 24 0 0 47 
0 33 49 0 14 43 15 5 35 18 23 39 38 40 11 20 0 12 0 45 19 35 31 47 0 37 1 14 2 2 2 43 39 24 21 31 11 13 4 23 16 30 41 21 15 3 11 29 10 35 26 6 11 31 4 8 3 3 14 1 30 48 0 0 31 49 32 19 35 9 48 5 18 47 33 40 29 4 13 9 20 0 44 15 11 46 4 2 37 25 0 36 49 46 44 47 17 8 16 0 45 3 0 17 0 0 13 0 28 37 10 28 13 43 37 0 3 11 22 43 8 48 31 38 40 44 0 19 17 33 12 24 0 13 16 0 49 1 34 42 47 22 28 28 0 33 8 30 49 8 
34 46 33 48 0 6 18 16 20 0 4 0 45 34 40 30 18 48 2 24 0 24 40 7 23 19 20 25 32 0 30 7 2 45 27 17 35 44 35 22 33 21 33 12 44 0 47 24 16 31 5 4 14 41 42 34 42 45 42 35 27 3 49 14 3 20 49 35 13 24 0 19 27 26 45 16 1 0 5 6 23 22 25 42 36 40 46 38 9 12 38 13 0 0 40 0 35 10 36 46 29 6 10 18 25 43 21 17 0 5 31 16 26 21 15 0 29 26 25 43 39 35 13 12 8 0 0 12 27 22 19 19 26 36 18 3 9 25 20 31 21 10 4 23 22 15 21 42 21 9 
1 39 7 0 5 0 8 34 24 6 0 13 19 20 28 25 4 43 18 0 41 47 4 17 29 14 2 0 0 0 1 32 31 38 42 4 38 22 15 6 5 35 40 4 41 0 0 26 0 0 25 44 25 24 0 39 42 39 15 0 0 13 44 24 12 0 32 48 45 46 14 0 13 8 22 2 24 16 13 24 12 1 38 0 5 34 30 34 19 41 49 30 49 18 22 47 47 45 26 33 7 13 25 33 32 36 16 2 29 0 38 41 33 24 38 15 18 25 7 0 27 17 0 2 2 10 40 25 3 42 23 32 18 36 28 48 46 13 23 13 29 13 23 18 0 0 0 34 16 22 
34 26 0 42 24 0 0 46 10 20 35 0 36 31 29 17 40 41 28 0 45 33 44 36 47 0 22 6 35 35 12 46 0 14 11 36 46 20 0 42 0 37 39 12 47 29 49 44 0 17 12 0 0 0 43 33 7 36 0 24 33 8 47 25 22 11 13 5 17 47 45 2 24 2 23 33 18 44 24 0 39 23 34 0 0 19 44 39 6 22 47 21 30 38 29 46 46 0 34 19 17 41 11 10 10 17 41 9 20 19 41 23 13 38 11 5 41 46 20 49 39 12 1 19 10 2 6 6 16 32 35 17 0 23 17 38 11 12 29 28 0 40 0 42 14 41 21 1 36 6 
6 46 42 27 38 46 20 0 17 43 23 15 0 0 21 36 33 12 1 47 39 35 16 30 3 47 9 38 1 40 6 8 8 14 38 38 0 16 43 9 29 45 49 31 35 0 38 2 0 3 18 23 42 0 38 9 43 24 37 2 30 21 42 24 12 4 33 25 36 43 8 5 10 43 28 35 15 25 0 21 27 21 37 8 29 13 29 28 2 26 33 8 38 35 14 44 31 34 20 8 0 45 18 40 18 43 48 0 45 41 13 41 0 30 45 16 17 42 12 11 43 35 12 45 0 0 27 40 18 41 0 15 39 44 0 27 12 17 46 0 18 46 14 32 0 24 24 0 9 44 
8 15 28 39 37 32 14 18 0 8 41 18 26 31 2 40 20 7 47 39 22 36 15 16 28 20 27 17 48 25 36 0 28 0 14 9 48 31 23 0 0 0 47 37 9 0 39 31 1 47 44 0 20 19 8 25 0 23 7 39 37 24 2 0 15 30 7 15 36 3 22 22 3 25 41 45 20 0 1 8 32 0 45 0 28 33 17 11 43 46 25 37 40 27 3 0 31 48 39 40 37 13 37 20 6 32 45 0 11 6 22 7 33 29 19 49 32 35 13 6 1 21 35 25 0 10 49 23 28 28 37 17 31 43 32 36 8 0 48 45 7 10 38 40 47 0 21 30 26 43 
46 15 38 14 36 34 18 38 2 0 7 47 38 0 37 0 20 0 0 13 36 33 0 16 35 20 35 24 8 46 44 29 47 16 5 0 4 49 34 47 34 37 3 8 49 15 20 44 4 21 0 27 45 36 34 23 32 4 45 1 21 16 6 0 3 22 1 7 31 27 37 0 36 1 40 36 0 33 34 40 48 28 43 41 23 13 27 43 26 29 2 40 4 35 15 49 24 24 22 46 8 35 9 33 0 17 14 15 4 29 41 32 34 0 25 31 0 17 13 0 17 43 43 28 2 40 28 45 15 21 35 25 44 46 18 49 15 41 37 0 36 24 45 16 33 22 46 43 44 12 
10 1 14 23 10 14 0 23 0 44 0 29 0 44 25 24 20 13 35 18 26 36 0 43 0 27 0 23 21 0 48 23 30 32 9 12 37 3 0 39 0 36 16 27 0 5 10 11 34 12 12 34 8 11 31 5 21 41 15 48 29 48 4 2 32 30 26 12 36 0 0 4 1 11 32 5 33 12 30 6 36 9 6 25 35 46 18 17 15 0 47 30 47 13 32 20 22 0 8 26 22 35 0 0 7 43 41 16 48 19 1 13 14 47 41 16 17 0 18 31 48 38 17 2 0 24 30 19 40 18 18 7 27 6 26 37 15 30 7 28 28 29 30 6 12 15 30 9 21 26 
4 19 32 45 14 25 10 3 39 21 14 0 11 45 0 34 23 0 20 2 40 1 0 32 20 41 0 43 25 29 45 18 21 10 40 12 37 0 3 14 23 0 24 2 41 31 25 26 29 33 24 49 31 0 21 17 0 29 28 20 5 45 41 41 2 44 18 39 24 30 9 18 23 34 22 31 0 7 0 32 24 11 21 0 46 0 43 7 23 40 17 8 44 32 37 6 10 16 4 0 38 7 0 24 2 42 27 1 6 38 49 3 14 0 43 46 2 7 41 48 12 14 48 28 40 24 46 17 37 45 36 26 26 0 24 27 41 0 20 31 29 4 48 39 0 29 41 43 2 14 
38 26 23 32 22 34 41 0 0 21 14 19 0 21 36 33 23 23 4 28 37 34 47 10 48 25 34 42 31 15 18 15 38 27 36 16 0 11 12 40 3 36 25 26 33 0 10 46 15 46 4 37 0 11 48 37 9 7 20 5 34 33 34 4 31 46 0 5 39 14 44 40 9 3 21 0 1 47 0 12 14 13 2 10 42 32 13 22 36 21 34 6 2 22 24 4 0 28 26 3 0 0 9 47 0 0 48 1 30 19 20 48 22 19 37 21 39 10 27 19 19 11 0 29 0 37 16 17 9 0 4 3 36 43 5 8 40 14 47 37 21 5 47 32 28 25 0 1 43 20 
0 33 38 1 26 22 9 41 20 22 32 31 0 0 40 44 4 7 6 7 0 13 12 11 37 13 19 2 47 0 0 37 16 13 36 49 29 29 16 2 45 21 0 45 0 6 23 34 1 16 45 3 6 45 3 8 15 3 32 5 9 33 6 10 23 6 5 33 0 29 0 32 14 22 18 28 5 0 36 27 15 26 41 17 0 45 30 33 0 0 42 10 14 18 11 36 46 14 44 0 48 19 23 6 0 5 0 35 18 33 4 30 35 15 21 43 46 15 33 46 0 47 44 34 38 22 45 33 9 26 11 10 8 15 0 17 37 3 5 0 2 25 30 17 12 48 0 0 22 25 
15 5 38 10 36 19 4 1 3 44 17 31 39 22 0 44 15 36 40 1 33 49 45 7 30 33 23 42 0 17 7 18 0 49 4 5 0 42 49 0 47 29 23 39 13 22 34 5 15 6 3 47 47 8 9 5 35 38 0 44 4 6 10 31 44 29 20 26 20 18 9 17 35 25 27 35 37 19 45 0 6 33 32 5 0 0 13 10 30 36 1 12 34 14 18 0 20 44 0 0 6 33 9 40 35 23 5 14 14 3 0 11 31 20 17 27 20 36 19 0 44 0 21 7 0 38 7 42 4 31 9 45 42 0 27 5 39 8 46 12 8 49 36 4 25 0 1 33 36 31 
34 49 28 8 18 4 22 20 29 18 0 22 7 27 6 0 14 38 3 47 25 26 5 29 23 36 7 21 30 2 37 33 31 46 45 0 32 19 37 0 7 38 1 19 2 42 12 0 18 3 49 30 35 15 11 10 0 9 0 27 31 3 19 24 22 37 49 41 0 3 43 6 17 45 32 40 33 38 40 13 38 23 38 0 46 0 0 47 32 0 6 39 2 43 27 4 31 37 28 0 37 33 30 38 39 31 46 36 24 28 39 14 44 14 35 0 0 23 26 0 40 42 28 39 28 34 13 25 7 41 16 33 2 5 45 27 43 29 14 29 43 5 47 14 38 2 36 7 0 42 
45 0 46 24 19 9 14 36 0 1 47 23 19 0 35 0 0 22 22 7 24 0 26 46 0 44 2 37 33 14 20 12 26 22 28 40 35 31 47 28 0 30 0 5 20 0 15 36 38 44 0 16 1 30 25 8 43 2 6 35 13 16 35 43 13 0 0 34 16 34 6 47 32 11 34 25 38 27 23 39 13 10 12 46 49 36 19 46 16 0 3 25 12 19 38 23 9 30 10 14 43 0 48 9 0 26 29 6 36 12 3 32 29 24 17 16 44 30 0 32 5 0 32 16 17 27 16 32 11 0 43 4 8 47 22 49 33 37 39 40 27 39 16 32 9 30 17 1 26 32 
21 8 22 41 26 37 35 0 0 43 13 0 5 3 0 10 12 0 31 41 2 28 13 36 47 48 27 1 34 23 5 38 40 38 14 16 11 19 5 17 45 2 43 28 28 7 25 21 3 22 39 49 19 37 25 5 26 30 11 18 14 46 20 6 28 44 47 29 0 38 42 8 23 38 27 46 42 40 0 14 38 1 42 2 0 0 0 20 44 30 13 5 29 17 26 12 25 29 8 36 2 41 3 31 0 8 3 17 0 30 26 0 6 0 35 49 6 7 0 0 0 0 33 5 0 34 29 42 0 43 49 26 17 25 40 43 16 2 47 0 14 0 28 49 46 47 0 0 26 33 
47 19 5 20 17 41 19 42 9 11 44 26 28 0 11 11 1 18 0 19 7 32 44 42 22 39 4 5 38 47 44 38 35 22 45 16 7 6 32 38 47 32 45 33 0 12 6 0 0 40 11 18 30 0 21 1 12 3 23 8 0 34 0 17 49 2 0 25 25 48 3 0 30 0 14 43 2 47 41 23 15 41 6 31 44 22 47 46 22 26 37 30 8 13 2 47 0 12 32 5 0 30 38 20 0 0 31 37 24 27 30 48 38 42 34 3 16 42 46 7 28 5 20 0 5 9 9 6 39 0 26 40 38 35 39 23 47 39 41 16 4 4 48 19 40 47 49 9 8 27 
34 36 25 46 3 3 42 21 29 16 0 23 47 0 35 0 12 45 38 0 0 3 47 26 23 33 32 41 24 13 44 27 0 48 1 20 46 17 44 17 16 22 0 34 0 46 41 36 46 4 24 25 0 7 17 10 21 30 37 49 26 22 13 35 45 42 25 17 0 11 38 9 41 6 1 36 39 10 31 22 13 37 16 27 1 1 12 3 40 41 43 47 31 28 2 32 7 38 22 37 28 27 1 37 13 15 39 22 16 5 14 26 6 15 25 13 6 37 36 11 23 7 24 1 6 24 1 11 9 14 9 22 0 45 12 41 24 22 25 46 10 46 16 32 42 0 19 0 28 37 
22 46 4 48 26 22 46 0 28 34 8 30 34 20 26 29 48 0 6 20 0 28 0 0 21 0 33 35 26 31 48 29 8 17 30 35 8 6 16 37 42 28 47 48 15 48 0 33 40 18 29 30 0 14 8 0 41 46 1 13 17 0 37 14 5 30 1 28 45 8 37 10 10 48 48 40 34 5 9 27 0 27 39 6 15 18 0 6 18 30 41 16 26 46 4 41 33 17 45 43 23 0 23 4 44 15 0 40 16 30 4 24 22 39 35 45 31 0 5 0 37 16 2 47 2 19 35 27 27 0 7 39 48 21 13 18 24 0 3 22 32 40 34 32 35 38 15 25 43 41 
0 38 4 29 14 23 12 44 30 23 8 37 33 45 14 31 0 4 19 0 26 0 16 46 12 48 9 0 37 29 36 33 0 12 18 29 11 31 0 20 15 15 12 45 9 5 7 23 0 43 25 11 48 42 1 15 0 26 1 32 42 0 48 12 17 48 48 0 44 45 18 10 43 40 31 21 6 35 27 32 36 5 34 7 29 23 29 20 34 15 25 13 20 24 40 20 21 34 18 2 29 27 44 43 25 10 42 40 15 39 13 16 41 48 25 30 33 29 8 41 3 18 23 7 8 12 26 35 33 27 14 31 3 21 40 22 34 41 33 20 0 21 30 3 5 26 33 29 10 40 
5 4 16 5 7 43 41 24 14 17 0 41 16 29 8 2 36 10 13 8 18 41 0 26 31 14 24 16 46 34 14 42 26 0 38 21 16 46 41 41 8 29 19 30 2 47 19 33 36 0 27 30 4 40 0 37 19 0 0 45 19 5 29 0 0 28 49 0 29 40 28 3 26 0 1 9 42 0 8 38 29 33 14 38 1 25 31 11 4 14 20 48 0 26 2 18 11 39 46 29 25 43 42 0 48 35 19 15 16 0 35 25 7 15 36 6 23 16 47 19 10 37 33 29 4 20 2 41 41 46 0 18 26 0 0 43 39 3 0 48 13 2 16 0 5 0 37 10 20 41 
38 19 40 19 30 0 0 26 30 23 32 23 0 17 0 7 21 8 16 46 1 48 37 0 31 6 29 33 11 0 19 13 44 22 28 28 37 23 17 11 21 0 36 13 11 44 0 16 3 25 16 5 36 25 0 41 32 1 26 10 44 31 0 0 0 41 16 18 3 24 39 0 29 49 26 14 49 37 47 42 28 15 4 49 38 2 41 42 24 12 17 33 5 18 6 2 32 43 25 23 19 2 12 0 10 3 10 46 45 24 24 49 42 0 12 0 46 2 49 32 9 43 41 47 44 0 0 12 0 27 14 2 18 10 13 11 6 46 45 49 5 4 35 37 0 0 14 37 36 21 
48 19 47 2 11 22 40 33 9 28 29 20 49 29 10 12 45 27 1 28 2 18 16 21 0 11 4 0 20 34 47 39 33 22 0 27 15 26 16 16 31 19 33 11 33 11 29 7 35 43 0 17 0 45 20 22 5 24 16 17 4 17 27 44 9 0 44 41 0 6 8 10 22 23 22 34 29 1 5 17 10 30 12 48 21 21 33 8 42 49 6 38 33 32 34 41 25 37 0 16 38 40 0 32 0 24 43 22 18 16 22 40 17 13 47 26 10 24 13 0 24 21 24 0 31 29 35 11 16 33 6 9 32 18 30 16 0 10 35 47 0 10 44 0 18 4 48 39 29 47 
0 14 21 42 31 6 28 36 9 8 40 3 0 17 41 26 0 0 42 44 44 0 10 42 34 0 27 3 7 22 18 37 40 3 0 43 41 5 35 11 40 43 28 33 42 31 16 49 24 0 4 44 42 20 31 16 45 29 1 37 37 44 2 37 31 3 1 10 15 45 10 30 48 0 6 10 0 37 30 28 37 15 12 10 35 25 24 31 8 39 1 0 0 41 23 32 13 32 23 16 25 42 16 3 23 12 0 32 1 0 25 2 40 40 14 14 8 12 8 29 29 13 0 9 30 32 22 28 9 16 24 19 25 37 46 1 20 39 0 0 36 23 7 37 17 8 11 0 7 25 
19 21 0 3 13 22 23 44 39 1 6 0 9 40 0 16 0 49 6 0 49 37 41 41 33 15 0 0 8 0 20 21 22 23 0 21 30 7 7 18 33 2 10 13 9 20 34 23 7 0 1 32 0 34 42 30 48 24 8 33 3 35 43 28 36 16 17 0 0 28 16 6 19 35 0 30 33 28 2 23 46 38 7 1 0 27 0 35 17 43 28 13 10 1 36 0 17 0 7 30 41 45 28 2 2 9 45 17 12 20 45 11 34 44 20 0 45 4 13 4 0 19 14 23 15 1 29 11 31 25 42 36 7 27 11 22 36 22 10 31 44 45 0 16 43 14 37 2 6 48 
16 43 0 28 0 0 9 0 49 5 8 5 46 32 30 43 41 46 48 0 17 36 36 8 32 37 25 0 33 23 32 49 39 49 16 39 4 0 49 3 29 31 27 0 31 27 47 31 44 20 33 6 29 45 10 43 44 26 23 45 29 28 27 0 44 38 3 22 14 5 30 40 6 10 31 26 7 12 45 40 40 14 40 32 20 10 25 18 10 30 20 27 1 29 6 16 45 5 41 37 0 6 0 31 36 38 16 36 21 34 14 40 25 44 36 0 45 43 12 11 48 49 0 32 29 0 45 7 5 46 5 40 0 27 43 14 0 33 47 35 10 45 22 8 35 12 3 13 4 4 
25 0 24 0 0 8 44 43 48 9 47 0 8 2 0 19 41 41 43 22 45 0 29 0 10 0 0 0 0 18 17 12 20 20 17 22 5 0 0 27 30 22 10 14 47 2 34 46 0 16 10 8 41 34 12 22 20 30 16 20 48 3 36 30 8 7 0 11 31 32 41 4 0 48 29 6 0 7 6 15 8 34 0 31 42 3 36 46 36 43 34 20 33 20 32 29 37 15 45 36 27 11 22 32 2 49 30 30 46 21 26 22 36 0 0 34 43 41 9 10 16 31 45 11 35 8 35 43 0 18 4 25 31 3 21 15 8 28 43 27 19 13 12 0 44 32 27 35 21 0 
10 45 9 0 12 10 2 13 37 22 39 45 0 19 31 0 31 5 5 49 4 2 38 37 21 31 0 9 25 0 49 36 43 0 23 32 17 29 33 32 35 5 4 26 34 37 29 33 45 11 29 32 2 16 8 23 0 32 0 42 20 27 12 40 9 26 2 0 47 43 28 12 27 38 0 29 38 29 34 33 10 16 41 46 3 6 0 37 36 29 14 9 31 15 8 0 6 41 26 11 0 42 1 30 25 11 0 0 49 39 32 21 2 12 0 45 24 34 1 38 7 35 18 17 33 0 36 37 31 17 35 27 28 42 19 18 34 48 20 26 2 0 35 46 38 30 16 39 18 0 
8 16 38 15 1 26 23 0 44 9 46 44 0 21 7 40 33 19 13 1 43 38 37 15 41 33 19 25 14 20 0 33 0 48 28 29 7 30 16 19 5 23 19 43 27 14 0 0 16 0 25 15 0 26 26 36 11 19 43 0 0 0 17 7 20 18 12 0 5 13 31 5 0 13 48 30 31 46 31 11 37 0 16 3 1 28 21 25 12 27 40 8 2 3 14 0 13 17 0 0 23 11 49 34 32 5 38 0 29 3 47 33 16 44 21 9 31 47 35 3 31 34 44 9 47 12 42 0 47 23 2 0 18 49 36 25 24 43 27 43 49 27 0 48 1 0 36 34 15 37 
8 23 4 26 38 23 13 4 2 30 28 2 17 10 35 44 7 37 16 10 9 34 35 0 17 9 0 0 0 38 29 0 48 34 39 14 42 37 34 45 23 17 32 41 15 24 25 45 19 28 38 0 0 1 0 46 14 4 30 31 20 11 13 0 0 15 11 16 12 36 2 42 10 39 49 47 15 35 44 10 33 1 16 24 36 42 47 35 11 8 33 29 37 22 22 9 0 1 45 21 9 31 12 0 18 16 29 38 16 35 44 45 0 0 45 43 46 35 17 8 0 12 25 44 0 13 15 4 37 0 44 48 8 30 21 43 38 30 21 26 12 10 9 19 12 24 46 44 30 46 
36 30 4 3 48 21 1 29 32 37 0 27 48 41 25 13 0 3 36 9 24 42 19 36 4 20 4 12 8 24 14 11 0 0 44 23 20 36 1 20 28 2 44 31 0 1 47 36 39 40 41 29 25 28 48 17 44 44 0 18 37 37 39 40 40 8 0 23 13 13 0 13 35 43 13 0 19 39 15 0 37 38 35 0 38 37 0 43 35 46 2 34 21 24 23 21 18 37 37 39 13 17 42 39 26 45 45 13 36 16 15 44 46 23 20 46 0 26 36 5 1 9 0 48 26 34 41 17 20 1 14 0 16 13 29 34 15 0 4 26 24 45 47 0 46 31 8 42 0 36 
1 37 38 25 47 25 15 7 14 33 22 42 19 8 10 0 4 11 43 0 36 0 0 12 40 42 6 21 32 42 0 49 25 0 25 21 42 18 0 2 41 0 17 0 30 26 17 1 18 28 39 25 3 43 34 44 0 12 28 47 1 49 27 46 20 5 29 16 31 14 44 0 48 45 6 34 1 17 43 21 33 42 24 24 26 25 29 28 16 15 34 11 18 38 11 0 10 0 40 38 0 8 19 20 19 43 48 26 23 42 48 38 18 3 47 32 16 2 19 0 33 30 8 6 31 6 40 35 0 46 21 3 46 47 1 13 10 6 0 8 45 42 46 18 8 0 5 47 32 22 
34 5 45 9 0 4 20 39 41 26 43 0 9 7 0 5 33 0 0 25 0 4 1 2 36 25 7 9 17 14 0 0 43 0 0 43 33 23 37 0 11 32 18 0 28 32 11 23 39 1 32 37 0 5 29 27 12 33 9 24 17 12 18 11 27 33 34 26 3 0 29 41 43 32 20 0 33 14 36 26 9 45 10 5 0 40 49 41 0 22 35 18 36 0 49 28 14 24 20 37 14 4 14 37 40 0 46 0 19 0 45 12 3 38 9 34 34 27 14 21 43 18 17 0 18 37 21 27 37 0 19 33 14 23 44 12 5 33 10 0 11 9 27 0 14 9 29 26 25 5 
17 25 31 26 0 45 12 46 23 39 38 24 29 4 46 16 25 0 23 7 43 21 43 45 47 42 38 1 30 24 3 0 49 10 9 0 0 38 0 37 2 40 18 7 0 36 5 39 8 4 0 0 40 17 25 0 43 39 42 11 19 49 7 0 3 22 48 36 47 0 30 3 38 47 29 4 6 22 13 12 48 11 21 19 45 1 32 40 5 41 35 48 42 39 0 48 0 49 0 31 17 6 6 0 12 42 12 36 11 21 0 21 1 0 27 35 27 40 17 3 32 49 36 18 13 49 38 45 16 22 17 10 34 14 23 22 13 40 14 7 0 3 35 32 47 25 15 39 34 33 
42 31 7 28 41 0 1 28 40 8 0 21 4 37 18 3 1 9 46 24 6 29 28 26 48 44 0 26 35 32 26 30 3 38 48 24 0 22 43 8 45 9 3 34 23 31 47 0 34 40 47 11 11 30 39 23 13 13 33 36 49 0 18 7 2 38 41 39 47 39 34 41 28 22 41 37 15 10 28 2 34 1 29 26 0 29 46 2 27 3 16 39 49 10 35 1 15 31 3 26 27 48 36 0 30 7 10 19 17 36 14 28 23 16 21 10 26 36 34 22 28 13 22 47 0 18 6 40 9 11 40 49 45 10 41 7 38 48 29 12 34 4 0 10 41 0 49 21 2 23 
4 36 2 27 24 45 38 0 37 17 18 21 28 36 24 49 17 18 44 28 18 9 47 22 0 24 6 0 2 18 1 15 0 10 33 18 22 0 0 14 15 19 1 12 16 14 8 24 21 27 41 18 31 20 8 20 7 23 49 0 27 25 1 10 17 47 46 38 2 34 42 3 13 31 22 48 31 26 45 49 23 4 25 42 1 33 1 0 36 0 15 41 8 9 43 8 1 0 9 7 10 0 26 38 3 32 15 18 46 40 7 0 26 36 22 42 31 45 36 0 30 28 0 0 3 12 29 30 24 0 49 43 27 26 16 5 2 36 0 9 22 0 1 15 0 29 38 23 37 3 
32 9 28 26 17 0 12 30 0 0 44 29 24 18 12 38 13 21 31 0 20 46 43 25 23 0 2 44 44 27 43 34 47 19 14 15 9 0 0 8 19 0 33 35 35 32 19 25 28 48 2 41 0 32 12 6 6 0 12 16 48 24 6 16 1 20 45 39 3 4 6 2 13 2 9 28 48 9 22 11 42 21 1 22 5 17 23 47 46 19 49 40 1 4 49 0 15 49 0 47 0 27 12 39 23 32 17 19 15 9 4 44 34 9 2 8 49 0 32 32 11 11 18 28 4 3 44 38 10 7 0 27 6 0 0 23 10 44 44 26 0 37 17 29 10 37 6 39 31 11 
8 25 0 19 7 44 49 30 14 2 30 39 21 27 25 41 25 34 0 0 6 49 17 6 14 27 0 47 10 12 46 0 14 4 1 0 4 17 39 0 6 10 19 30 49 42 28 28 48 38 17 0 44 0 36 17 22 39 10 15 43 1 47 9 43 14 2 32 47 0 26 23 48 21 42 12 33 33 38 0 0 0 25 26 34 40 44 45 12 23 34 17 31 1 0 45 15 8 24 0 19 8 21 22 48 49 45 2 9 37 35 39 30 39 16 0 0 16 29 18 21 38 25 18 7 5 5 0 10 24 8 40 9 11 33 0 0 7 37 0 3 33 14 16 34 9 49 16 2 25 
46 32 37 17 12 27 11 33 0 1 0 0 23 12 23 4 26 35 33 23 26 44 3 29 0 0 9 0 42 48 45 14 2 0 47 13 26 25 25 20 0 17 21 33 4 18 48 9 16 3 4 47 20 0 40 0 49 12 25 0 47 13 17 32 0 43 0 11 47 8 47 27 42 42 49 16 23 25 32 32 4 47 37 41 15 11 16 36 35 48 49 48 43 30 28 16 44 35 48 35 0 4 27 20 39 10 0 38 0 37 41 16 43 19 27 46 33 38 35 46 43 20 40 44 24 28 0 39 17 45 38 32 34 8 23 24 23 1 42 27 22 38 46 39 49 19 44 27 1 16 
11 46 3 6 0 35 5 7 9 0 44 8 17 41 39 13 44 36 2 12 9 17 15 3 46 32 0 22 24 8 16 14 28 5 0 8 20 33 20 44 0 0 0 17 27 44 12 42 28 3 0 0 38 25 33 42 0 30 0 4 15 27 26 20 15 30 18 35 42 17 24 21 3 5 0 22 49 14 3 4 27 0 40 16 19 49 32 25 22 29 14 31 6 1 13 15 49 48 12 30 30 0 2 37 20 44 15 34 19 15 10 29 45 8 0 38 10 31 6 35 0 3 35 36 23 46 44 15 11 49 47 0 24 39 31 30 32 0 1 36 36 26 46 46 0 11 0 27 14 15 
45 24 39 29 45 0 21 0 46 38 16 27 23 27 28 24 16 3 6 42 17 0 23 18 35 19 16 8 9 29 49 34 13 42 34 0 2 45 0 46 36 0 0 5 18 24 27 10 21 0 18 24 10 41 41 41 41 20 47 24 24 13 47 17 14 37 15 6 0 6 0 7 0 0 23 25 7 38 13 0 24 6 48 3 34 19 11 0 17 31 0 28 0 25 37 0 42 11 34 34 43 34 41 21 15 22 27 23 40 20 47 14 5 16 21 38 46 3 11 0 30 2 47 1 0 20 38 17 0 38 30 6 19 31 37 27 13 3 35 40 0 8 32 21 7 23 23 0 32 34 
19 0 0 32 24 4 12 23 47 1 34 3 49 32 15 2 38 2 25 16 30 9 19 8 18 21 34 0 15 11 15 2 0 4 27 0 12 46 36 0 11 43 47 0 3 31 33 13 16 10 43 48 40 38 1 10 37 31 20 48 35 46 28 42 41 11 35 43 21 16 46 30 9 4 14 3 25 5 0 19 25 49 28 30 38 3 0 13 0 0 4 39 33 31 47 30 19 0 0 6 9 0 49 0 0 5 27 25 22 23 13 30 20 24 3 1 38 29 33 16 23 49 0 23 0 21 49 44 11 48 40 40 0 0 3 28 7 43 34 16 24 15 33 3 0 12 16 0 34 0 
38 0 19 25 23 28 43 33 3 45 48 38 39 26 47 0 24 37 38 35 37 25 45 33 12 0 12 6 26 34 19 13 32 43 28 8 30 43 0 16 27 30 49 47 0 2 45 42 49 10 2 0 41 30 0 22 4 39 36 14 0 18 7 41 40 27 20 40 12 2 7 17 3 19 11 19 39 12 3 7 1 8 21 2 0 31 18 40 4 25 11 6 18 31 49 30 26 29 21 28 13 28 0 24 12 1 26 38 6 7 29 37 17 24 15 0 24 36 28 33 48 20 1 0 9 29 33 29 36 40 41 47 8 34 28 10 39 8 14 2 23 0 35 24 17 0 24 0 31 45 
0 11 47 32 17 0 38 39 28 14 48 26 0 44 19 48 22 0 18 44 43 8 3 2 28 32 0 2 43 0 29 36 42 47 25 0 0 13 15 0 7 42 0 28 45 0 0 24 0 37 38 17 20 27 21 47 45 42 37 41 9 14 8 0 21 0 0 27 1 37 3 42 13 0 11 8 1 37 4 6 21 0 9 29 17 2 32 7 48 2 32 0 43 0 24 2 27 13 31 15 27 29 18 15 5 39 0 36 0 29 31 0 34 18 29 18 0 2 26 36 0 23 0 18 0 4 14 11 43 45 35 27 48 23 18 26 40 19 33 2 28 22 24 0 17 6 0 46 2 9 
49 13 45 22 31 30 13 49 25 5 28 0 24 40 9 0 17 39 11 9 7 47 6 14 14 37 39 12 0 7 42 49 19 39 5 0 12 0 29 49 35 22 0 14 40 49 0 44 45 4 8 32 28 0 11 19 38 31 0 15 48 11 0 27 18 18 12 26 5 41 22 22 28 26 48 31 36 1 37 15 0 10 13 29 27 10 21 0 37 6 16 19 10 12 22 0 38 43 45 46 49 6 6 37 39 22 16 35 37 35 28 35 31 12 46 3 16 37 7 6 27 20 43 31 13 7 15 31 10 17 26 22 35 12 26 25 41 39 13 0 9 47 22 8 47 19 34 22 47 49 
13 48 2 28 1 48 2 19 1 25 0 39 33 8 35 0 33 9 37 9 21 38 48 30 38 11 32 0 28 11 46 42 20 34 41 11 45 45 14 4 16 34 10 0 3 11 17 0 48 8 0 46 6 0 37 1 32 9 12 6 45 33 4 7 1 48 16 42 39 43 28 13 4 7 40 24 5 2 18 0 38 0 45 18 45 17 7 22 4 32 31 4 0 0 23 29 27 29 11 0 39 30 45 0 26 48 35 0 30 23 28 35 32 7 22 13 9 3 21 48 25 14 19 14 28 7 23 27 37 43 30 16 10 34 2 26 17 13 0 13 38 0 32 34 10 0 39 14 16 40 
23 24 37 29 14 21 6 44 11 38 44 5 0 10 0 45 48 12 39 0 17 10 28 45 0 5 30 36 42 16 22 36 39 0 48 22 22 36 23 0 0 5 2 41 0 11 6 37 0 13 23 19 29 45 26 0 1 16 19 29 0 0 33 38 24 22 8 18 30 16 20 18 43 31 0 41 15 0 3 17 23 1 0 43 8 48 9 0 2 0 36 15 0 0 47 25 8 9 19 41 41 0 33 5 20 0 29 19 26 21 17 21 35 1 22 0 36 41 37 27 15 47 34 9 37 5 44 16 46 12 45 21 48 1 36 48 18 45 0 11 14 44 12 38 14 35 32 0 24 10 
1 14 9 49 27 42 48 0 22 37 41 49 45 49 47 38 1 35 40 18 41 22 0 0 16 12 16 6 46 47 16 44 0 0 23 43 21 13 17 11 41 12 30 14 46 22 0 20 7 0 31 48 40 45 20 11 13 19 18 3 39 21 0 29 35 12 47 44 9 0 3 11 12 23 49 44 36 13 6 41 2 0 47 0 47 0 27 31 19 0 6 8 40 49 12 0 15 36 28 27 25 47 30 1 0 33 37 29 13 38 47 42 29 9 21 9 0 29 18 5 35 47 0 30 14 31 46 18 2 0 0 24 14 25 36 8 46 6 48 48 0 35 15 47 42 9 27 44 25 46 
27 21 29 3 15 10 32 19 27 1 0 15 28 11 17 33 37 19 39 5 21 0 18 43 42 15 28 7 14 29 0 28 31 48 9 36 41 33 45 15 16 35 28 1 3 10 15 33 6 49 0 3 14 38 13 31 10 26 27 9 16 43 3 49 28 34 36 18 33 25 47 2 28 7 40 0 26 21 30 11 47 22 46 47 12 29 23 6 32 38 0 16 11 15 25 2 4 41 39 2 9 17 30 32 31 26 25 1 25 32 12 33 49 36 17 22 11 18 40 27 26 0 40 26 32 31 6 12 5 22 30 6 10 1 0 2 46 46 25 19 13 44 38 0 14 8 30 49 23 20 
13 29 19 41 0 0 13 13 0 12 29 20 26 44 43 16 31 41 21 32 9 9 44 37 5 7 26 42 2 4 11 46 42 37 23 0 22 29 30 47 34 0 33 43 28 37 0 9 0 13 24 0 26 27 14 12 35 48 29 20 0 32 23 6 25 15 5 44 45 46 30 11 31 45 0 24 44 21 5 44 13 15 0 4 7 0 23 46 8 0 34 16 17 13 23 28 0 0 12 17 41 2 33 35 45 11 24 0 18 1 13 5 29 0 0 29 19 30 47 25 37 23 0 42 35 42 27 3 2 24 15 30 29 0 39 0 34 29 8 49 5 22 30 25 45 29 0 0 3 27 
21 39 0 30 23 0 8 8 22 33 29 36 33 23 42 20 10 0 33 11 9 37 23 47 29 49 28 34 38 11 34 37 20 23 44 25 0 18 20 29 22 28 23 33 13 17 15 33 17 17 5 31 0 0 0 42 36 1 25 39 37 2 26 29 42 40 19 39 28 23 38 32 38 47 23 0 0 33 45 3 14 33 0 34 39 2 32 17 32 29 49 23 24 40 38 8 14 44 0 25 34 25 29 4 0 0 20 22 6 35 2 31 38 1 1 48 41 17 42 6 37 23 7 31 14 15 20 30 15 44 12 4 27 33 14 26 34 26 22 26 11 40 0 6 49 4 2 0 43 44 
38 29 25 27 13 31 20 28 33 21 42 41 29 16 18 0 42 48 44 38 16 13 46 15 12 19 0 22 3 31 0 42 18 2 21 22 22 26 16 2 5 7 37 38 32 8 0 26 18 48 11 15 29 0 41 5 4 30 34 19 8 37 0 0 0 22 0 2 23 4 14 17 32 0 18 45 46 0 34 11 11 45 41 0 0 48 21 13 37 10 14 32 12 38 28 44 28 6 23 24 0 28 49 26 4 11 30 17 13 21 35 22 9 24 0 30 44 9 11 46 0 15 8 34 48 1 36 8 18 33 48 42 38 48 4 8 3 0 0 26 34 21 18 48 39 13 0 42 17 0 
5 32 9 46 17 44 30 49 12 32 1 21 8 39 38 0 4 27 33 10 10 36 36 2 27 48 27 38 11 9 4 35 44 6 47 44 0 48 0 0 46 26 20 34 34 26 25 10 34 12 22 5 0 25 0 11 11 31 24 8 13 45 38 37 36 49 38 25 20 48 26 25 1 26 40 0 25 0 15 22 39 22 25 45 0 17 26 41 46 39 1 33 10 11 29 41 31 8 8 5 33 19 1 0 49 28 0 47 40 29 16 39 49 0 0 18 14 0 1 27 43 42 38 13 0 26 36 41 30 41 9 27 41 8 8 24 2 7 12 41 18 19 12 8 0 21 25 46 45 26 
12 0 36 27 23 5 7 33 0 41 47 35 12 21 31 24 32 43 2 41 8 20 28 19 24 20 1 44 42 0 35 0 38 15 31 0 44 49 22 6 23 31 1 34 8 15 7 3 46 4 42 13 39 47 0 0 9 33 46 11 21 24 29 12 0 14 27 7 31 26 4 40 31 47 22 32 31 11 46 27 47 21 9 48 0 0 2 0 0 49 44 41 44 28 31 28 12 0 20 41 5 33 27 9 28 1 33 30 24 18 36 18 22 18 16 39 0 33 5 42 47 44 33 44 0 4 43 13 18 10 6 8 24 38 43 20 43 14 22 36 19 4 0 13 29 45 7 11 33 32 
42 7 32 15 11 29 16 18 9 13 16 26 25 20 29 48 0 18 13 15 14 21 21 46 26 34 22 48 20 47 30 18 34 25 43 0 20 16 1 1 1 5 36 10 46 48 1 3 20 33 23 29 10 21 0 0 0 29 0 17 6 10 41 30 45 5 11 16 24 4 20 4 38 18 24 7 20 46 33 40 42 41 27 27 0 3 6 27 39 35 32 10 14 9 0 12 29 20 45 22 17 39 5 9 5 17 6 0 2 16 18 48 5 0 18 30 23 22 35 17 42 1 22 21 33 0 8 23 0 6 7 19 11 0 16 12 18 0 9 48 41 38 21 6 0 25 49 33 25 23 
18 1 22 9 1 8 0 26 0 46 14 14 4 34 7 48 30 26 8 10 19 47 38 43 39 9 39 26 45 20 18 15 19 30 0 27 39 3 12 47 30 1 48 11 16 15 26 14 26 33 21 38 0 38 41 15 23 0 0 0 18 17 15 32 5 5 15 45 26 23 20 49 31 48 0 0 29 48 49 10 10 49 0 0 11 24 15 6 45 12 15 3 46 44 25 36 0 29 32 35 31 12 39 30 45 28 41 43 22 15 43 33 46 16 0 35 30 46 49 1 33 29 45 10 5 0 0 45 32 7 0 21 42 17 22 14 21 20 0 28 18 0 31 35 34 33 42 5 22 39 
0 23 45 0 49 12 1 35 6 0 19 9 16 37 5 47 15 41 35 4 42 35 45 37 9 31 30 9 47 23 23 20 35 4 0 41 14 49 31 11 1 30 34 40 21 21 48 22 12 3 23 41 42 42 0 28 23 2 0 16 27 13 38 46 43 8 49 39 29 44 16 49 46 0 49 0 15 24 10 46 45 38 40 24 38 38 20 24 49 28 2 44 5 47 46 0 6 27 0 9 0 4 21 3 15 33 21 16 22 43 23 11 0 27 0 12 27 4 26 5 15 45 10 37 4 19 46 39 38 25 0 4 37 28 31 3 43 0 17 44 33 10 30 19 0 44 37 33 2 18 
21 27 42 43 22 47 30 3 42 45 30 17 4 20 9 39 45 46 11 18 8 48 1 15 47 15 19 31 0 39 18 6 25 24 33 31 14 5 45 10 19 6 39 34 15 11 48 49 43 40 40 31 8 45 43 26 41 25 16 0 2 11 37 12 0 32 20 41 0 16 1 11 0 24 15 33 45 20 0 25 25 21 41 28 10 35 35 8 5 5 22 48 19 45 8 37 18 43 23 24 44 31 30 28 23 4 19 3 8 10 39 4 18 17 35 30 48 35 15 10 14 0 8 0 10 37 35 15 40 0 27 0 49 31 2 39 33 26 36 18 22 43 30 34 48 48 20 44 11 49 
48 46 0 0 8 17 0 34 13 6 7 20 40 43 0 0 49 32 11 0 48 44 1 27 7 4 0 5 30 29 8 48 39 14 15 29 4 34 44 33 29 35 26 35 0 6 10 2 27 28 0 17 4 4 0 32 5 35 33 35 0 32 36 11 47 21 5 25 0 8 42 33 13 40 37 37 8 9 49 5 29 13 11 36 23 45 0 2 9 14 0 14 9 42 43 23 6 6 1 21 21 4 47 15 0 4 15 49 24 11 2 0 29 25 0 0 30 5 0 25 13 0 20 8 29 22 17 27 21 7 18 5 9 7 48 19 30 0 2 19 25 24 41 9 5 10 46 18 11 12 
46 14 38 2 37 27 19 22 44 19 44 38 8 24 0 43 40 13 0 44 16 34 2 23 4 43 40 0 36 24 3 40 0 35 26 0 14 34 13 33 17 33 22 26 0 27 36 38 19 5 46 0 24 22 10 38 37 16 30 0 19 0 42 9 6 17 0 0 7 19 29 13 12 25 43 24 7 23 39 14 0 11 47 34 0 33 0 18 42 3 42 0 22 9 28 22 41 4 25 17 1 33 35 24 32 31 0 15 32 24 0 6 0 23 10 0 39 6 45 42 0 16 22 39 0 6 20 18 27 23 6 47 1 7 48 18 26 10 35 13 34 44 21 29 13 2 34 13 0 0 
43 15 40 18 39 45 31 9 42 14 11 47 18 0 31 39 0 32 30 45 15 0 26 34 41 9 8 16 11 44 37 11 15 19 45 24 43 3 38 12 13 30 36 9 26 0 0 23 6 18 5 21 3 0 31 23 24 0 38 42 12 2 0 25 37 47 11 19 23 13 15 13 25 17 43 30 7 23 49 11 28 45 29 27 17 6 0 0 15 13 0 25 6 5 4 42 49 33 0 41 26 47 17 7 49 9 40 24 0 29 2 0 34 21 47 48 4 13 0 43 6 29 19 34 28 0 5 0 18 25 19 4 37 11 18 3 44 47 27 40 41 29 32 27 48 0 18 32 43 2 
40 0 44 1 30 0 35 35 0 45 24 24 8 47 24 30 46 22 33 12 22 7 31 27 42 0 32 32 43 47 48 42 23 0 6 45 18 45 5 0 37 23 33 14 14 19 17 28 34 6 19 14 36 9 0 22 28 33 26 44 5 49 47 0 49 7 49 3 7 0 27 19 25 48 40 17 12 46 24 31 40 43 0 3 29 14 10 13 31 15 43 3 45 27 49 22 0 34 18 24 13 29 31 45 26 0 42 3 12 42 40 5 33 46 43 30 2 8 4 3 20 34 11 0 3 33 25 21 37 5 24 45 17 44 5 46 22 7 0 1 25 44 0 32 0 33 15 16 5 13 
24 0 47 15 46 36 37 43 19 43 12 4 23 20 11 46 0 27 49 1 48 29 49 27 9 12 41 23 9 49 35 40 0 46 25 32 42 40 26 39 35 8 20 44 17 37 35 0 24 41 35 32 11 35 13 24 38 3 0 3 20 34 0 49 0 3 33 48 47 30 0 34 11 22 8 0 47 0 18 0 23 0 19 10 29 22 40 25 9 12 23 35 22 22 0 44 40 21 10 26 40 31 49 37 6 3 12 40 10 31 48 0 21 10 35 44 9 0 0 17 0 4 0 23 5 44 3 34 34 4 36 4 47 29 0 38 7 48 38 5 3 34 29 39 47 39 30 32 42 22 
17 29 18 4 47 20 31 49 46 41 0 2 36 40 15 18 9 3 29 3 12 5 25 3 20 37 39 38 33 33 6 21 25 9 26 37 34 19 30 11 36 2 49 43 21 21 22 0 13 19 43 4 16 0 45 1 25 6 23 48 11 3 48 45 33 0 23 42 44 20 40 43 34 9 40 12 26 23 49 40 49 37 12 1 31 31 42 27 36 46 47 38 38 14 6 30 27 4 1 8 35 9 13 32 11 9 24 9 29 6 45 22 26 28 10 21 21 2 19 41 0 13 45 1 30 3 40 0 2 40 30 44 0 13 41 26 0 48 26 40 21 49 8 9 48 0 8 38 15 46 
20 32 35 48 29 8 31 0 28 15 28 34 28 17 42 8 38 0 42 0 29 7 21 7 4 36 18 1 27 32 45 41 7 2 2 49 18 11 25 33 3 45 0 1 38 14 27 2 47 20 23 23 0 41 6 20 30 5 5 18 15 0 3 38 0 31 0 12 0 22 13 21 0 4 15 15 41 21 17 35 0 26 38 10 0 46 13 26 48 42 3 18 26 0 3 49 4 48 10 3 23 37 10 3 27 13 15 7 0 25 16 42 0 22 25 34 2 44 0 36 25 11 46 14 36 40 33 45 3 17 10 25 0 40 0 36 0 3 1 27 1 9 14 23 40 20 15 20 24 20 
32 30 46 0 0 32 45 0 45 24 41 34 43 0 22 48 47 19 0 15 39 11 6 10 12 41 21 17 13 5 40 49 29 35 25 0 19 8 0 40 40 32 37 33 21 27 19 23 33 19 30 41 48 33 1 31 40 25 0 42 10 1 38 28 19 31 26 0 22 40 30 30 22 19 11 0 40 49 6 14 10 41 22 45 33 29 25 6 15 12 31 36 41 2 0 34 35 23 0 6 31 28 8 27 24 0 23 43 17 29 0 32 21 12 40 0 46 4 31 27 20 18 28 16 10 36 38 26 42 0 0 7 44 12 0 15 11 7 7 9 15 22 30 37 18 11 36 7 47 36 
21 39 26 10 45 29 5 0 48 34 33 37 24 2 18 0 23 41 39 21 14 34 2 16 0 29 46 33 46 33 2 34 37 10 5 45 34 49 3 28 23 26 29 47 35 22 42 49 34 0 34 35 29 28 6 12 29 0 28 10 8 0 2 29 4 4 49 20 0 39 6 0 0 39 49 35 19 33 38 38 5 19 33 38 26 37 14 35 9 26 8 6 35 0 8 43 31 3 0 12 10 7 44 3 43 0 28 9 39 16 26 41 1 19 5 41 23 17 46 43 35 22 21 30 42 39 3 27 47 37 22 45 21 0 10 21 47 37 26 5 45 7 1 0 12 5 32 2 43 47 
0 40 39 12 22 13 40 15 42 33 39 9 42 39 21 21 46 18 37 42 27 49 35 7 45 0 43 38 35 47 25 13 31 0 21 2 13 17 41 24 18 49 8 4 4 41 9 7 17 26 0 33 3 12 1 8 22 11 10 6 17 35 16 21 0 47 32 6 37 0 29 44 10 33 37 9 31 10 29 0 3 19 0 44 0 8 9 0 9 39 25 2 23 45 9 23 15 18 16 39 19 22 44 46 19 13 41 0 9 46 35 27 12 0 3 5 10 7 43 30 21 10 37 46 25 37 0 45 15 43 10 48 48 0 28 11 1 14 21 0 25 2 6 35 0 26 31 49 27 32 
34 16 45 0 29 15 33 17 29 19 0 12 7 45 20 0 40 13 47 0 7 45 13 46 23 0 40 39 42 29 6 0 32 29 2 14 18 21 15 14 24 43 42 4 32 14 29 9 0 2 6 16 28 32 45 32 24 23 15 0 45 3 39 0 2 12 48 16 40 23 0 44 21 17 25 22 28 0 26 0 6 30 49 24 9 11 0 9 30 5 6 24 26 32 33 34 45 7 27 30 27 42 33 0 0 33 0 17 45 10 9 47 8 6 3 38 0 5 11 38 38 1 0 33 43 20 37 40 44 1 29 31 7 28 8 47 1 0 25 22 32 31 0 42 38 31 27 42 46 19 
48 21 8 41 31 41 45 0 0 5 0 33 3 6 28 0 45 42 35 36 0 17 46 6 48 12 0 3 7 45 2 42 34 40 4 41 29 24 0 36 6 0 49 15 0 41 14 34 20 11 38 13 37 4 10 0 6 22 5 47 35 19 15 13 11 14 9 23 37 17 28 0 37 8 14 48 45 14 17 46 38 18 3 33 7 44 24 9 0 17 19 0 13 42 31 39 0 3 19 5 48 37 43 19 12 39 31 29 37 36 21 26 5 25 42 39 16 22 6 0 0 13 12 12 38 8 26 49 10 40 14 2 29 16 28 12 25 26 0 49 28 18 37 16 10 0 10 19 6 26 
8 42 26 30 41 24 34 26 28 4 19 1 47 12 0 3 32 10 48 47 19 12 30 4 11 2 20 41 2 43 27 5 30 19 39 39 16 0 43 23 21 18 39 2 16 40 25 13 5 21 22 21 18 49 41 29 20 41 31 38 37 36 47 22 47 27 24 43 24 0 17 35 0 28 6 13 20 9 4 33 2 20 34 34 6 26 14 33 14 35 41 5 4 44 40 43 7 12 3 35 49 11 44 36 5 0 5 15 38 37 4 46 29 32 22 8 17 11 26 1 27 6 21 34 33 7 48 18 49 29 33 1 46 1 0 25 3 8 26 39 40 31 46 6 6 0 1 8 35 46 
27 32 0 31 23 26 11 6 0 38 17 29 27 49 6 16 23 32 35 28 47 48 40 26 24 6 31 6 46 39 29 44 45 31 6 1 11 8 1 0 35 33 30 18 42 3 13 33 15 2 12 36 10 27 38 42 49 20 16 34 28 38 4 48 42 0 0 32 40 49 26 0 15 0 0 3 19 3 22 0 30 7 31 4 0 32 5 16 32 38 1 22 36 40 43 28 14 16 39 20 11 14 35 21 11 1 36 19 28 0 4 10 36 20 0 1 6 44 0 42 0 16 30 32 45 32 31 1 0 10 15 34 0 38 47 39 8 21 45 35 43 19 0 0 23 7 14 32 16 31 
33 41 35 2 49 38 21 17 25 21 22 0 18 2 3 31 15 10 17 43 41 36 35 19 0 29 26 5 0 8 0 14 47 38 1 35 5 27 38 45 23 12 45 31 32 6 2 1 22 0 22 4 39 33 33 34 9 32 0 36 16 13 41 28 19 40 18 31 0 49 19 9 1 24 0 21 8 0 32 5 41 9 49 3 35 41 14 38 6 9 12 9 37 48 40 47 2 19 35 32 10 48 30 10 31 6 25 30 43 25 25 49 47 0 19 13 15 21 12 29 43 26 0 15 30 48 47 42 14 3 37 38 5 0 28 30 42 6 17 13 2 46 27 24 0 27 0 25 25 19 
41 28 35 9 19 36 31 2 12 10 0 31 19 24 39 16 2 0 24 15 13 46 9 16 3 12 29 21 19 25 5 0 2 14 15 4 36 0 45 10 8 29 41 0 33 32 0 19 39 19 0 25 16 40 41 1 1 44 24 0 38 12 3 17 13 34 32 25 15 7 32 34 26 13 18 0 16 14 8 0 39 37 44 42 25 30 25 4 22 40 45 10 2 37 22 47 15 26 2 6 21 29 31 26 32 47 16 20 4 2 25 47 22 37 49 34 18 13 11 45 0 28 0 14 17 15 21 18 31 25 45 20 1 24 21 37 37 4 0 45 20 0 12 24 1 46 0 19 30 16 
29 14 15 3 23 13 12 35 29 18 36 13 9 36 0 38 26 10 0 37 30 21 12 34 29 11 48 30 5 0 27 12 0 41 0 22 46 49 24 25 31 0 1 33 39 20 13 16 18 0 7 9 14 24 33 10 18 28 32 28 36 19 42 47 0 26 17 43 44 27 8 24 19 41 33 44 0 0 22 0 29 41 37 1 0 18 20 33 0 35 32 45 12 0 4 11 42 11 0 15 0 45 14 37 20 15 44 18 0 36 16 5 3 23 41 32 44 31 47 7 37 0 30 46 40 4 0 10 7 2 0 19 1 29 31 24 30 0 38 0 45 28 10 22 10 18 12 21 36 26 
13 34 17 14 41 8 47 15 0 44 30 17 38 15 26 34 43 13 27 20 43 7 2 48 15 13 16 4 43 35 16 49 16 26 13 32 11 47 47 31 30 42 16 6 4 38 37 35 0 0 24 43 4 15 32 32 4 28 34 4 0 27 13 15 20 11 21 2 8 32 35 21 41 8 35 14 21 0 1 49 14 39 39 19 44 16 47 42 18 37 41 22 9 23 45 17 44 3 21 43 28 7 6 20 18 0 45 16 14 2 28 35 33 11 24 18 46 49 0 16 26 4 47 0 0 11 49 20 3 47 12 24 17 15 0 8 12 4 1 32 39 28 19 29 31 2 48 1 24 23 
0 11 14 29 42 29 31 44 27 20 18 44 0 16 11 28 17 48 6 32 27 14 1 30 1 23 8 0 39 48 25 5 40 19 8 33 3 6 0 33 35 11 21 49 18 0 3 23 22 22 36 47 10 0 46 10 10 29 14 22 15 24 0 16 1 25 29 48 17 4 44 15 26 20 20 48 1 43 0 0 46 23 33 34 33 35 15 18 45 43 43 28 28 39 30 0 25 3 25 0 47 10 39 5 13 19 45 10 0 34 25 27 25 0 18 35 44 8 48 7 16 13 10 18 14 39 38 37 36 9 10 45 0 26 2 27 42 18 21 41 46 5 15 0 24 32 2 16 17 10 
25 15 20 25 22 24 3 18 27 27 33 12 22 17 3 26 20 47 35 1 46 7 35 0 29 48 0 42 11 33 20 43 43 20 16 36 48 35 45 30 47 21 0 0 35 38 44 44 42 36 43 5 14 16 21 2 7 1 45 28 30 0 36 42 7 36 3 40 29 12 3 23 33 41 36 24 25 22 2 0 27 30 0 43 44 0 41 9 46 23 9 34 27 34 37 36 40 45 42 1 25 24 24 22 0 21 35 34 41 25 24 40 34 49 12 12 0 33 0 5 34 35 42 15 19 46 0 40 43 46 21 21 25 34 0 37 7 17 29 20 39 31 42 36 1 12 42 23 43 16 
45 21 48 15 42 27 10 18 1 7 0 16 1 29 5 40 5 38 30 13 24 12 35 31 28 2 40 9 19 11 12 42 2 39 27 22 0 16 20 9 34 15 34 38 31 3 45 25 45 16 22 0 15 11 18 7 40 16 28 15 0 1 33 46 49 7 48 13 48 33 38 8 36 43 19 7 36 49 0 46 0 31 13 7 25 0 40 25 49 0 25 8 7 32 0 19 39 24 2 28 15 27 36 45 41 33 13 4 6 0 43 20 13 35 1 34 2 29 15 20 27 30 31 16 13 29 0 38 12 33 13 25 0 18 17 38 16 9 36 17 5 6 9 19 32 27 0 9 15 0 
36 40 0 11 17 46 24 32 39 31 3 8 2 14 27 30 14 0 46 0 26 49 33 21 35 11 3 28 14 0 29 12 0 34 10 44 37 35 27 40 13 46 0 6 5 0 11 47 28 19 1 20 43 13 41 16 42 37 44 9 10 4 18 2 45 0 0 0 30 24 17 40 35 5 19 0 0 22 15 43 44 0 35 10 6 24 42 9 13 43 40 26 49 22 5 11 10 49 42 27 15 4 32 15 39 23 0 4 10 29 29 38 27 0 18 25 41 40 16 27 37 12 10 10 29 38 31 7 41 17 0 37 42 38 20 43 21 0 21 17 0 42 33 27 38 0 4 26 22 4 
14 33 34 24 27 0 0 48 11 21 5 14 48 15 34 25 43 43 0 14 23 31 30 40 0 17 11 3 21 17 16 32 10 12 23 2 0 19 26 8 16 13 31 20 34 37 4 0 7 25 49 34 16 4 17 10 1 13 14 31 32 22 9 32 21 48 35 42 25 48 37 37 48 36 0 7 44 42 40 1 30 9 0 11 41 30 47 33 9 10 45 40 11 6 0 27 14 39 20 14 47 46 43 40 32 0 45 8 21 18 19 40 26 17 9 19 33 28 8 45 35 16 14 0 3 26 18 34 18 0 29 22 36 27 36 12 28 33 12 23 21 15 20 44 20 29 26 30 9 0 
49 0 3 15 41 8 47 0 32 32 8 14 25 37 40 13 19 4 30 6 24 33 23 15 7 15 10 24 39 8 32 36 40 12 32 31 0 43 14 0 29 45 9 17 22 46 14 27 32 40 20 10 0 37 7 40 18 3 18 21 11 0 49 14 35 49 39 0 33 12 18 8 18 14 0 30 0 43 0 8 28 48 41 0 43 47 7 2 47 24 0 28 25 12 47 37 21 32 9 30 38 12 38 24 26 9 38 40 43 0 0 25 16 31 24 35 16 24 7 27 0 16 45 12 15 27 39 5 13 28 42 0 7 43 29 7 22 37 5 37 35 20 8 3 41 44 16 48 5 32 
0 11 22 23 45 8 49 0 12 35 0 39 22 11 16 47 41 23 21 0 34 0 24 36 43 46 12 15 46 0 16 10 17 28 8 48 29 14 38 0 39 38 43 49 0 21 36 5 36 20 24 24 49 29 8 8 23 17 16 38 31 31 35 4 25 17 14 16 7 8 6 24 11 1 37 11 15 31 0 6 15 0 3 0 0 16 12 0 12 49 4 5 33 9 7 26 30 29 19 49 10 29 16 48 15 7 14 6 41 37 47 13 38 10 37 35 33 42 24 42 10 39 4 35 38 48 27 45 0 45 0 14 48 0 3 19 33 37 3 9 21 18 21 5 22 3 0 44 49 26 
43 39 23 30 32 38 27 0 30 17 2 16 1 2 34 33 0 11 45 0 49 44 6 41 16 20 9 12 19 16 29 23 3 21 11 15 44 16 7 21 16 0 35 31 41 43 28 16 4 10 13 7 16 49 47 17 11 11 34 44 0 26 23 0 1 49 32 5 14 49 40 8 16 24 13 41 0 3 26 7 41 6 26 32 24 0 20 14 30 48 0 39 9 21 44 3 5 27 0 34 4 0 0 0 30 0 17 30 4 42 16 24 36 49 45 37 9 7 32 13 0 9 20 16 26 23 32 0 13 20 16 49 40 7 2 45 23 16 28 26 8 16 2 24 2 15 26 30 6 43 
0 14 37 30 16 26 30 39 22 24 30 7 10 45 10 36 22 38 9 19 26 33 16 27 12 48 8 33 17 13 5 47 2 4 6 22 40 0 37 16 30 11 12 37 9 0 1 28 31 31 0 17 21 38 4 19 5 48 39 28 2 44 40 4 41 40 42 46 40 12 26 4 16 24 16 14 45 4 49 0 47 37 31 0 7 13 0 0 30 45 46 32 47 41 18 41 38 7 0 0 7 22 43 41 43 46 23 9 44 29 0 46 1 26 39 9 15 46 8 0 0 27 14 40 45 38 44 8 15 18 24 30 44 4 10 5 0 32 21 49 10 49 2 46 18 13 22 33 47 5 
23 48 30 6 29 24 10 35 0 37 29 1 10 13 19 32 13 27 12 0 32 26 47 2 40 48 0 39 38 24 26 9 25 35 28 18 20 11 14 25 7 18 25 1 40 0 37 26 7 25 14 20 0 8 17 29 43 0 14 38 35 4 21 36 44 0 41 6 26 16 32 4 0 31 43 36 30 41 2 48 6 18 42 2 40 18 42 0 3 21 0 14 0 34 26 40 0 43 13 24 25 33 0 20 33 31 32 42 7 3 27 37 43 0 14 1 31 49 11 7 0 1 33 10 23 27 41 11 3 13 15 31 4 34 4 30 26 4 9 14 25 5 21 44 32 48 37 24 46 0 
33 2 27 45 40 11 18 10 7 0 14 4 40 41 34 32 21 32 43 26 3 4 18 4 37 0 47 8 30 31 0 3 3 13 33 5 9 41 8 17 19 40 34 17 19 38 48 8 19 46 2 21 19 16 4 0 28 42 30 26 23 7 16 40 22 43 0 14 22 0 19 32 26 39 12 34 16 3 30 30 42 32 49 38 33 4 14 49 0 11 42 0 20 8 2 5 1 48 45 44 38 38 14 48 23 26 43 16 12 16 0 25 24 47 11 5 5 30 5 11 36 46 24 8 6 19 29 33 20 40 37 8 48 22 0 0 43 32 34 11 18 0 0 2 0 48 29 5 10 0 
35 7 39 22 0 15 6 6 4 4 43 31 11 27 37 1 34 0 35 28 2 28 2 22 42 0 43 0 42 26 22 8 0 33 38 20 0 26 22 16 1 44 19 49 1 16 36 17 21 24 13 22 36 0 29 48 0 0 5 19 33 0 7 26 6 0 6 13 37 29 3 3 42 49 0 19 17 0 43 34 17 19 12 19 41 37 28 41 41 0 9 48 49 42 0 2 40 0 45 28 16 46 27 5 0 15 8 22 6 38 0 40 1 5 40 43 38 22 7 27 41 17 1 39 29 22 7 31 15 24 13 11 13 2 20 28 38 49 27 35 14 9 7 18 48 4 0 44 11 31 
32 32 15 0 37 12 44 10 46 2 0 33 8 31 0 22 37 26 40 42 0 16 0 1 15 28 1 35 44 8 36 5 9 34 27 41 0 4 13 1 0 38 39 0 22 0 47 7 30 35 3 25 28 32 30 46 27 25 21 24 24 22 23 9 9 1 26 33 36 30 3 3 45 7 40 0 21 31 22 0 44 44 33 8 7 44 12 36 32 11 0 33 43 26 48 4 22 36 22 0 41 20 49 0 33 46 22 8 44 49 49 48 26 5 10 7 45 6 30 26 29 0 7 38 43 0 12 34 2 5 44 13 29 24 0 8 33 0 0 10 22 46 0 30 26 9 31 7 46 7 
37 6 6 17 12 25 35 10 10 42 34 6 0 30 49 15 17 19 6 31 19 22 17 17 2 24 35 25 3 0 12 19 14 36 32 16 4 29 15 31 4 7 31 29 37 16 40 35 33 20 17 44 0 13 46 0 33 19 0 35 38 45 21 39 25 34 28 33 6 17 8 6 0 42 47 12 28 0 0 27 6 41 0 1 45 28 37 0 0 20 24 0 20 46 0 6 6 37 29 0 21 18 33 0 23 39 46 22 44 18 18 8 3 22 27 7 22 20 21 0 49 12 9 44 36 42 0 25 9 25 42 8 39 28 1 35 23 1 42 19 36 24 37 47 0 45 0 11 16 43 
30 12 6 13 30 46 30 37 27 23 33 20 4 1 41 4 42 6 9 45 18 1 30 0 2 29 45 13 1 43 48 43 15 48 46 19 8 43 4 0 29 14 1 31 27 0 28 35 19 27 14 25 19 26 18 10 2 4 37 18 33 2 16 32 0 43 30 0 9 2 25 49 11 0 33 8 27 27 11 13 20 16 1 48 12 42 42 48 11 20 48 34 0 14 4 17 14 8 1 0 36 6 40 21 4 0 44 37 23 35 24 8 22 23 41 0 11 30 35 37 15 27 49 43 14 5 25 17 38 0 0 15 4 37 19 44 47 33 0 27 49 29 0 12 10 45 49 19 20 43 
31 1 38 44 0 17 12 0 2 21 14 35 45 21 43 37 34 17 6 16 1 2 45 9 13 40 28 29 10 3 29 32 37 8 0 3 35 22 40 39 14 46 0 0 25 6 36 27 4 0 0 15 1 26 1 21 30 0 0 0 48 4 1 8 35 37 0 47 0 13 0 42 7 2 16 45 7 30 41 4 0 0 39 24 35 40 29 28 44 46 8 0 0 0 0 18 26 27 0 0 18 40 16 0 5 41 30 31 45 42 25 30 6 14 33 26 4 35 29 22 36 36 0 8 21 12 14 24 45 34 48 7 45 48 43 6 5 24 28 6 22 0 25 32 41 9 0 0 35 35 
3 0 15 43 0 6 41 20 3 5 48 0 1 5 46 24 0 48 6 12 49 35 35 40 6 0 34 29 4 36 17 30 21 19 37 39 11 32 21 9 44 14 0 0 9 27 47 44 17 35 47 0 47 15 32 38 0 25 3 30 8 16 30 39 22 35 34 10 0 11 41 8 10 14 8 6 0 7 30 0 42 11 3 43 1 0 37 3 23 1 26 9 35 14 0 19 0 0 38 17 35 31 48 40 14 16 39 31 39 39 27 14 36 41 45 39 43 39 26 15 1 28 36 1 35 27 0 5 36 12 1 26 1 20 4 9 7 45 23 9 9 45 6 20 18 46 22 0 12 11 
0 8 18 48 32 20 1 9 43 45 0 14 33 22 28 36 45 12 32 0 46 10 35 45 23 10 29 45 16 21 28 27 45 38 39 35 40 0 8 43 47 6 30 14 0 0 46 9 0 10 30 42 10 37 0 43 47 25 24 27 2 30 7 24 36 36 3 48 27 0 47 5 38 39 30 30 44 17 35 35 29 36 45 15 19 15 28 7 14 15 0 31 2 34 37 0 2 41 18 38 13 23 4 38 0 18 19 18 38 21 7 1 21 42 0 24 8 10 26 36 0 49 5 13 48 35 46 40 28 13 39 6 25 9 46 17 0 26 20 34 46 2 7 4 11 42 4 38 0 49 
11 10 43 10 31 0 33 23 49 44 8 42 7 0 0 35 32 48 49 25 29 44 17 37 10 34 23 0 4 37 0 13 21 13 14 24 0 38 18 4 49 31 28 11 48 18 47 17 24 4 32 0 16 22 24 16 34 2 8 13 10 34 47 17 28 34 28 14 0 45 2 46 39 24 0 22 19 4 28 0 10 32 0 35 14 6 9 25 0 40 9 0 38 49 10 9 0 39 22 36 30 11 0 13 2 15 21 41 43 0 9 30 1 8 12 21 21 14 20 22 13 35 49 32 11 20 24 33 29 30 36 32 25 37 0 31 46 30 2 17 0 0 7 18 34 31 5 5 6 7 
17 1 16 10 49 37 1 11 33 2 11 4 45 25 31 3 36 42 29 31 0 36 3 15 13 27 8 33 44 41 40 23 9 39 27 17 28 13 0 44 16 39 20 34 1 21 33 3 28 0 12 40 15 40 45 21 43 6 9 25 45 6 6 44 23 46 36 3 14 28 7 1 15 28 21 26 36 34 48 1 24 36 48 13 41 17 25 0 31 47 18 3 9 1 25 15 0 0 23 26 7 16 1 11 34 16 0 3 8 22 21 15 42 30 40 47 13 14 23 1 31 26 21 7 33 35 37 33 14 0 46 0 42 39 15 44 34 26 40 27 24 31 24 4 17 25 0 41 16 47 
33 4 0 16 13 4 11 28 21 45 15 39 15 47 44 0 11 2 44 8 31 5 12 0 0 30 0 46 0 3 27 3 5 46 42 34 37 47 42 23 12 33 47 43 42 5 1 33 26 11 8 32 30 40 46 46 28 0 10 36 2 0 14 6 38 0 16 39 43 47 10 44 14 23 23 6 46 19 33 13 24 28 0 36 49 20 38 39 22 11 22 31 47 9 14 5 3 0 0 4 0 14 2 31 0 49 3 28 14 31 40 20 3 47 5 19 0 9 49 2 31 34 0 36 0 8 47 41 7 13 30 12 15 0 0 30 10 22 39 0 17 23 30 35 1 6 42 31 43 0 
43 29 9 26 12 43 14 8 49 35 18 43 45 6 14 44 15 42 9 34 24 9 20 49 8 25 6 21 40 8 30 22 27 3 10 11 5 6 0 20 5 20 16 44 14 33 11 46 19 20 7 10 7 40 18 1 4 0 49 0 12 29 21 42 33 36 16 0 10 24 45 0 16 13 36 38 8 8 0 47 25 1 20 0 35 33 15 15 26 40 47 44 17 47 46 28 0 31 44 0 12 26 34 35 29 38 0 0 0 4 5 0 18 29 32 22 41 0 49 0 6 0 0 39 10 9 16 49 42 33 37 47 41 49 18 36 12 33 11 47 29 18 45 8 22 23 37 0 46 0 
11 32 40 33 13 39 12 49 40 42 21 28 36 30 23 29 44 6 43 17 22 34 6 23 1 37 20 23 36 49 38 31 11 0 24 13 16 48 49 3 18 48 11 6 48 19 43 1 0 10 29 28 15 31 42 25 27 0 4 29 4 1 26 0 34 24 19 17 20 0 0 24 35 18 0 39 43 0 25 45 34 17 7 26 47 18 22 28 25 35 9 14 0 29 0 38 47 33 1 7 0 13 20 0 4 5 29 21 38 10 40 38 23 0 4 0 15 4 42 49 46 44 24 40 49 18 13 10 21 37 6 0 0 27 27 17 9 13 5 0 40 35 6 1 42 18 16 44 5 34 
44 33 17 8 49 4 0 0 27 39 34 1 31 3 23 49 37 29 20 33 24 0 13 23 0 4 15 41 30 38 12 1 3 42 27 7 3 0 35 41 48 9 39 1 20 36 5 27 40 22 48 5 1 40 1 24 6 18 26 4 15 15 28 3 27 17 0 48 2 38 39 20 15 5 46 21 11 0 43 10 1 37 22 47 36 25 1 21 33 0 32 17 21 22 40 37 44 8 33 20 41 0 19 1 9 37 48 17 39 11 38 22 0 13 12 38 27 6 0 45 47 37 29 36 43 0 37 3 0 0 4 22 0 12 49 10 0 0 4 3 0 19 0 11 36 40 15 29 35 48 
0 6 37 35 45 33 2 36 24 0 46 20 6 25 0 4 49 25 11 49 0 0 31 43 40 17 40 37 18 23 2 32 23 4 41 11 26 34 13 14 23 0 24 49 48 0 39 20 0 1 28 26 14 37 20 4 35 11 8 44 22 31 28 2 20 33 0 33 46 38 7 31 41 21 42 25 10 32 0 24 0 33 4 4 34 5 47 17 22 39 36 0 45 10 17 29 21 43 15 20 8 29 0 5 0 0 22 34 1 0 44 19 42 7 24 1 23 18 29 43 45 0 0 43 45 0 30 46 0 17 10 30 0 1 7 42 18 0 4 26 22 20 34 26 46 1 0 14 22 10 
29 16 4 24 10 31 15 42 33 34 43 32 0 27 29 5 34 10 46 13 5 0 35 37 1 15 31 42 0 0 44 0 24 0 15 1 0 36 9 24 22 35 0 13 8 5 17 43 15 0 43 37 31 45 40 2 43 45 34 20 44 30 22 22 31 47 29 0 0 6 4 0 31 17 0 23 47 43 37 2 19 40 14 21 0 0 32 22 27 14 3 22 6 29 16 1 35 0 19 36 33 4 37 0 11 31 14 1 37 29 24 21 10 0 0 32 35 46 18 37 2 44 0 24 13 0 17 17 0 46 19 6 37 46 9 0 0 11 41 5 35 40 7 24 11 17 27 28 43 9 
25 49 47 0 29 27 12 6 14 11 11 12 1 2 33 13 10 0 13 34 32 46 29 20 13 40 0 1 8 46 22 11 2 34 0 4 41 44 4 0 13 24 39 0 3 14 47 0 38 33 47 39 19 18 38 31 27 16 19 12 40 49 2 15 46 28 24 10 34 20 31 0 9 20 35 26 34 0 28 36 10 0 10 0 0 1 0 25 20 4 0 32 35 45 0 16 23 1 14 5 49 7 30 18 0 12 45 9 45 1 5 0 0 0 36 31 0 12 31 17 11 38 31 41 44 42 14 23 36 24 2 33 44 36 21 44 19 0 34 12 13 30 29 31 35 35 12 5 40 11 
49 3 21 27 36 14 7 25 18 32 45 0 0 26 2 47 46 29 36 18 43 34 26 23 38 2 6 30 0 0 12 30 13 34 38 24 32 17 14 9 12 38 41 17 45 10 0 21 36 43 0 40 0 25 1 39 49 5 38 41 42 29 38 33 16 49 0 1 41 43 30 1 47 7 9 41 16 25 42 6 2 44 42 4 19 23 0 12 19 30 33 5 34 0 1 27 19 44 34 41 18 28 18 43 0 0 11 0 0 19 35 6 0 0 33 37 11 6 0 19 9 11 1 20 0 38 10 25 17 41 37 49 13 14 1 44 26 0 21 12 5 33 22 39 28 3 41 37 12 17 
37 33 22 27 21 0 31 6 47 44 22 33 1 24 3 0 34 49 10 0 12 34 39 17 43 25 1 8 0 39 20 15 0 41 19 37 36 22 0 22 47 36 9 29 6 13 24 8 28 28 28 0 14 23 12 43 38 3 42 14 0 0 48 4 6 42 25 10 14 0 5 28 44 10 23 16 1 21 0 43 24 9 22 15 9 11 0 18 32 48 5 2 27 21 0 48 43 12 2 35 42 31 14 47 35 34 0 17 42 9 32 44 32 22 28 42 39 24 0 38 0 42 34 40 34 21 12 34 35 39 39 45 9 1 11 42 34 29 44 25 5 0 0 30 0 45 31 20 30 44 
14 22 9 5 8 0 44 36 22 2 31 5 20 24 9 33 17 38 48 31 1 2 20 0 17 22 45 31 41 0 22 43 45 19 0 26 15 7 23 35 47 23 35 15 26 4 14 34 33 16 36 49 15 0 0 2 43 30 31 5 28 36 20 4 31 0 27 9 16 6 13 16 37 9 9 43 15 1 33 0 0 49 20 37 40 42 41 48 0 35 13 33 37 27 46 8 27 11 1 22 41 1 49 39 17 20 29 0 23 37 49 34 9 9 49 21 39 0 26 16 37 30 45 42 40 25 17 18 37 11 13 33 29 0 27 34 2 22 7 7 33 33 10 0 27 47 11 38 26 16 
26 4 9 3 13 41 7 8 4 40 14 9 35 9 7 6 47 25 19 1 24 0 28 0 0 41 18 7 43 13 33 20 1 29 12 0 47 42 34 33 45 49 31 6 0 0 13 6 44 15 6 28 45 23 46 4 35 19 0 35 48 0 7 32 23 3 41 1 5 2 32 18 18 7 0 0 45 31 41 7 28 18 0 37 38 41 14 29 48 22 47 1 48 18 17 43 41 25 3 0 5 12 44 22 2 39 40 9 0 41 31 12 0 13 1 22 21 21 0 42 19 29 8 1 28 47 13 23 32 26 0 5 28 32 40 6 4 15 7 17 28 44 0 22 13 29 0 39 25 27 
0 22 0 8 12 0 6 17 34 47 32 0 12 16 0 20 7 43 0 4 11 39 42 44 42 17 5 0 25 48 31 49 9 28 45 18 25 45 49 5 22 0 0 8 8 2 6 0 42 45 14 35 32 5 26 24 24 0 10 42 21 45 35 44 24 7 48 37 15 48 0 0 0 9 39 46 16 35 34 29 6 21 0 10 11 47 31 42 39 41 2 25 10 16 35 16 31 36 27 42 4 10 48 25 0 0 19 26 12 0 0 41 38 26 20 48 16 16 28 42 22 27 15 34 49 0 13 14 44 34 28 0 42 0 0 0 39 4 0 39 33 16 0 21 42 41 3 28 35 17 
32 15 31 29 42 21 27 17 33 30 27 0 2 43 42 44 3 0 3 9 0 24 38 10 26 33 5 8 21 41 0 46 45 38 27 37 27 40 31 28 29 30 32 13 29 15 5 3 16 15 46 30 24 3 21 47 7 41 31 42 41 29 46 4 12 45 7 19 10 45 44 18 10 0 0 41 35 13 34 23 26 17 49 41 20 6 0 0 47 16 19 45 11 48 18 40 24 0 0 0 49 43 34 16 0 27 44 0 0 21 0 16 2 42 4 8 20 23 27 17 0 7 24 14 26 45 11 14 43 24 29 25 37 1 4 25 1 36 37 26 37 36 47 39 27 4 0 23 16 33 
11 31 10 27 0 23 29 29 5 23 22 49 47 0 19 43 28 13 0 44 24 3 25 12 10 40 14 3 46 2 5 43 5 29 44 0 48 49 10 39 44 32 34 15 28 18 48 24 10 9 6 0 21 46 7 9 6 0 48 42 36 11 5 12 10 23 9 0 0 49 9 29 40 28 0 20 43 0 46 45 0 37 1 27 45 28 35 0 6 18 24 33 29 0 25 39 0 31 45 14 34 29 22 11 1 43 45 4 0 7 0 0 32 34 0 38 37 30 27 42 2 8 9 38 13 32 25 3 0 1 13 33 0 20 47 0 10 21 17 44 25 38 15 14 27 0 27 5 47 0 
0 17 14 25 35 11 4 38 28 22 14 49 43 27 1 39 37 1 39 43 29 49 1 36 20 37 4 32 27 45 30 13 11 7 26 45 0 42 27 9 31 46 22 38 47 35 1 14 41 35 18 46 0 28 25 6 13 48 0 17 24 22 20 13 41 43 47 24 15 0 7 44 35 7 47 20 48 18 5 47 26 31 26 22 25 31 19 39 39 26 0 37 47 13 4 36 16 24 24 32 0 0 19 35 26 13 34 15 13 39 33 47 0 1 0 20 37 32 0 49 26 32 0 16 34 4 31 48 0 41 0 29 24 27 27 21 35 9 25 20 20 27 17 7 18 0 0 45 0 23 
43 23 31 17 9 6 11 34 16 0 45 13 0 41 41 10 38 14 3 32 36 6 0 16 46 21 24 17 42 27 25 33 43 37 0 21 46 11 6 44 22 33 14 38 13 25 33 41 15 32 23 0 40 8 18 18 22 35 0 17 6 10 0 16 15 7 29 0 22 27 40 30 44 32 18 6 35 16 20 14 26 22 23 23 40 14 0 19 16 40 31 0 44 33 3 39 30 43 7 5 0 10 38 35 31 36 0 0 16 6 43 17 25 0 3 2 30 0 0 0 39 33 34 27 7 11 23 30 18 6 0 46 47 43 12 36 34 14 0 39 9 7 1 6 0 25 46 37 32 6 
45 18 37 24 16 48 30 1 35 33 20 0 20 29 7 2 4 6 0 30 40 0 0 0 33 30 47 31 33 22 21 9 42 11 6 0 1 41 19 0 0 39 18 22 40 5 25 46 11 22 17 18 46 49 10 17 25 0 41 0 44 38 24 11 12 5 20 37 49 24 12 49 6 21 44 14 23 34 0 10 6 0 13 5 30 25 6 20 0 25 48 34 23 36 30 33 41 48 39 12 41 26 9 48 18 0 10 19 27 32 19 38 0 26 0 18 19 16 46 18 12 0 14 15 30 17 5 10 0 21 9 18 36 47 48 5 44 4 37 12 26 10 3 14 41 0 20 33 20 15 
21 1 22 0 1 27 13 0 17 10 49 38 0 31 7 33 6 36 23 14 49 16 43 33 45 20 27 12 39 48 46 3 25 29 28 43 24 32 18 33 0 25 36 22 40 29 14 17 0 27 41 15 27 0 23 47 49 6 12 7 46 43 34 18 48 0 0 33 38 11 25 0 46 37 33 7 8 22 44 0 0 37 12 18 36 9 37 18 40 49 38 4 45 18 10 38 10 26 12 6 15 0 0 29 19 9 25 0 17 16 39 29 46 35 44 0 26 12 28 6 31 0 44 25 42 16 9 47 44 44 7 10 4 11 43 29 0 29 14 14 25 30 9 48 29 48 41 26 15 18 
31 0 42 44 9 8 19 29 5 28 0 27 6 32 41 39 31 20 24 32 49 0 0 23 47 49 0 38 46 0 7 0 0 33 0 29 37 45 36 38 25 0 34 26 12 32 43 11 42 28 35 43 0 5 23 30 0 0 12 14 18 0 3 22 36 23 31 30 44 39 15 0 32 31 8 6 2 45 31 39 0 39 3 28 3 41 34 9 39 6 20 4 17 25 47 18 28 17 48 0 9 26 19 6 20 19 10 40 0 24 5 5 4 36 24 3 0 20 0 36 23 5 0 31 29 33 16 18 48 0 0 34 23 30 21 45 26 5 39 12 31 34 10 27 48 32 29 26 8 8 
47 40 38 5 0 46 26 47 13 0 18 16 40 35 46 34 49 47 41 48 20 9 11 35 30 14 18 8 11 0 45 29 31 6 41 18 3 14 19 1 12 29 8 34 30 13 18 44 0 25 26 24 37 36 28 24 45 18 43 0 47 4 12 34 27 0 0 0 0 16 0 43 14 40 21 17 44 6 0 33 45 0 24 3 17 45 20 0 46 17 1 42 21 27 45 7 6 41 2 28 45 8 23 10 10 26 4 32 37 0 39 24 36 0 42 36 9 0 25 25 30 44 29 33 28 4 7 0 5 13 23 25 10 4 20 0 19 36 3 38 22 15 42 1 41 28 24 8 39 3 
38 0 30 22 43 34 46 27 48 3 11 38 4 29 43 2 40 10 10 0 38 6 10 36 5 46 43 0 5 28 34 24 40 48 43 6 49 6 0 15 4 41 43 28 0 10 27 8 0 4 7 12 22 35 42 4 6 33 7 0 45 11 25 48 12 16 39 4 0 2 41 18 0 21 0 30 18 19 35 7 0 31 4 27 0 25 7 8 9 34 0 19 12 43 36 45 44 42 12 17 33 30 2 24 46 43 44 27 42 27 41 31 2 0 3 18 15 49 0 2 43 21 1 36 7 42 44 0 15 44 34 45 43 0 10 12 0 32 1 11 37 0 3 0 32 29 19 12 34 18 
0 48 37 42 19 0 0 42 23 40 26 18 45 45 13 4 35 17 27 38 3 17 1 43 23 36 16 0 38 14 6 0 0 5 33 18 0 41 15 3 26 1 24 21 39 17 29 23 37 37 25 41 26 46 7 0 17 0 32 20 32 49 2 43 26 19 42 45 21 28 0 39 36 31 20 0 27 38 37 17 0 11 38 0 26 6 0 0 13 24 26 39 11 38 5 34 32 40 9 8 40 8 32 27 33 44 46 37 43 40 41 9 3 41 10 0 10 28 43 0 0 33 4 10 32 31 11 10 27 0 22 42 22 29 19 19 7 0 17 44 7 35 24 21 29 0 49 40 48 15 
23 29 6 4 10 30 47 0 1 44 10 22 32 4 49 17 29 38 45 0 0 45 31 0 33 0 44 1 23 32 14 44 16 30 19 21 6 0 18 24 39 1 0 33 10 49 46 14 44 35 40 13 42 30 0 7 40 2 43 28 18 35 34 17 0 45 47 10 42 42 13 5 2 34 0 2 4 49 34 39 17 45 0 47 12 0 39 37 26 34 43 6 25 10 0 47 0 35 21 36 26 4 44 0 11 25 29 33 30 12 0 25 5 41 20 32 25 40 49 43 0 44 7 3 36 41 4 5 0 0 24 21 27 9 39 23 25 0 38 32 46 1 9 18 31 42 21 39 0 46 
36 32 39 17 40 4 2 17 47 12 43 49 38 25 5 18 38 18 7 19 26 17 42 29 41 15 4 3 14 18 15 19 24 25 20 19 0 0 0 24 24 39 47 2 48 21 5 13 27 33 9 0 6 46 10 29 0 23 12 7 38 15 34 0 27 8 36 12 40 15 31 30 31 34 26 39 45 13 0 44 0 9 48 14 24 13 2 45 31 26 35 1 22 0 1 41 30 34 0 39 26 26 15 18 20 32 13 23 34 13 27 38 17 45 38 35 22 41 10 11 2 0 28 0 35 19 15 22 10 0 25 19 29 0 19 13 0 36 0 25 49 20 1 1 11 18 40 22 0 30 
48 33 9 10 16 17 2 6 33 30 7 24 5 17 0 48 32 3 21 35 44 7 10 47 0 8 28 4 25 0 39 0 7 0 25 31 46 18 31 43 38 0 36 16 0 49 17 9 14 10 0 24 16 0 5 25 15 17 17 17 26 44 35 11 9 0 46 4 40 4 24 47 24 25 26 40 28 0 5 23 4 30 23 0 5 13 16 29 0 37 31 21 21 29 8 12 16 9 44 31 44 36 19 7 38 24 0 37 44 16 38 33 32 9 10 3 25 42 6 25 23 43 0 12 49 34 37 0 9 22 49 48 3 20 39 39 19 10 27 0 27 1 4 36 0 25 25 40 41 5 
16 46 28 33 46 29 47 16 44 16 0 42 3 17 41 27 40 3 14 43 11 34 3 5 47 0 1 49 23 36 36 29 37 7 34 3 30 17 39 7 23 6 0 37 0 24 16 40 33 45 1 40 15 0 12 0 8 0 8 0 46 25 34 0 1 18 0 46 38 33 23 0 37 32 0 44 0 45 17 0 43 40 8 16 31 40 17 41 8 10 6 28 18 12 30 6 22 0 40 0 47 42 44 38 14 35 46 48 31 13 39 23 0 6 19 46 39 22 26 11 4 40 2 0 19 15 4 25 47 0 18 6 24 10 17 46 17 32 11 38 47 13 17 38 22 0 5 2 45 4 
49 28 0 3 20 13 15 22 2 31 16 13 11 21 17 41 9 48 28 6 4 16 32 22 48 46 39 26 19 0 17 15 34 16 35 26 34 10 6 42 4 47 26 0 0 35 30 33 29 28 16 26 22 12 6 36 24 38 22 5 43 31 42 0 30 40 34 49 39 33 32 19 8 7 48 29 17 44 8 31 19 41 31 0 20 45 31 35 24 46 39 2 0 13 5 10 3 6 0 15 10 17 49 6 25 6 40 48 3 1 46 37 32 19 16 38 45 30 47 45 10 19 45 0 0 26 8 18 34 7 10 49 10 35 0 13 12 30 0 4 21 3 12 19 0 10 46 7 17 30 
44 27 3 20 22 46 13 23 34 17 0 36 25 39 28 31 13 17 16 0 45 49 21 22 45 17 33 37 19 39 26 29 14 32 15 20 30 11 4 35 32 35 12 25 22 48 3 26 0 14 13 9 8 28 33 0 25 18 10 21 44 3 47 29 34 39 44 37 44 28 44 13 1 31 47 36 29 10 17 27 0 0 0 1 23 0 34 2 32 6 18 31 9 15 37 27 47 35 5 36 1 12 25 28 14 0 26 20 45 27 11 22 27 25 32 43 22 27 3 8 8 10 26 35 2 0 12 44 20 28 11 18 15 12 36 44 24 39 32 4 4 29 16 40 0 5 11 1 41 49 
39 40 16 19 22 0 20 29 30 25 31 36 26 13 20 20 2 7 26 47 9 13 33 39 0 16 44 46 45 0 18 6 26 38 22 0 39 19 10 38 17 46 20 0 36 36 18 0 7 29 38 29 23 0 16 13 9 9 11 39 34 0 12 18 33 0 27 1 48 38 46 15 0 47 0 19 32 14 21 46 12 47 7 10 0 18 36 29 20 8 12 44 22 7 47 7 1 45 10 0 0 49 10 37 15 0 31 8 10 38 0 46 41 48 8 38 45 49 40 26 23 30 30 33 5 21 0 9 44 0 21 33 0 22 12 31 38 39 15 0 34 0 31 6 29 6 0 23 38 0 
31 37 18 0 47 2 0 29 40 34 26 42 33 41 36 40 11 16 11 44 32 49 18 36 14 40 4 12 0 5 0 0 17 20 44 23 0 0 13 7 36 40 7 28 41 17 31 42 11 9 42 17 31 14 22 40 0 12 40 41 0 0 26 27 45 37 23 21 14 23 23 4 5 49 14 24 1 0 31 20 10 23 17 19 16 0 10 39 41 0 42 26 0 7 29 24 47 44 33 0 46 25 18 6 39 40 3 17 14 25 18 0 7 40 37 40 29 0 11 14 0 2 28 19 18 25 0 0 27 12 5 31 40 20 0 42 19 16 34 6 44 10 43 0 31 11 22 32 0 33 
30 0 37 13 22 21 27 20 24 33 2 15 6 26 38 30 0 22 25 34 23 33 16 41 41 4 3 6 11 24 33 9 2 28 1 43 18 13 46 47 0 0 22 45 26 31 17 21 0 0 0 8 38 4 10 21 21 0 9 34 41 2 7 26 3 0 43 44 11 2 15 17 3 31 32 0 13 38 0 1 27 30 0 29 7 8 5 34 20 0 16 48 45 0 29 46 21 11 2 24 0 17 0 0 9 33 43 13 34 3 20 43 3 15 11 23 22 42 39 44 20 10 44 25 42 3 24 11 0 22 42 0 12 37 8 35 48 40 42 4 8 49 41 8 12 23 12 11 22 29 
25 32 17 30 8 12 0 46 21 8 3 2 33 19 11 5 44 0 41 42 29 49 15 28 14 23 0 8 21 17 40 40 0 31 35 27 44 45 45 41 30 0 5 18 6 34 39 49 38 5 17 39 18 38 25 11 42 47 25 14 8 7 3 8 39 41 5 32 7 31 28 19 33 37 0 15 43 14 34 13 37 37 13 19 41 5 4 49 1 47 8 6 6 21 26 31 22 0 6 30 9 46 26 38 37 49 0 1 33 37 14 23 33 9 4 0 5 7 49 3 8 32 44 4 19 16 27 0 9 0 37 29 45 10 13 0 8 49 45 0 0 19 18 42 26 7 37 0 11 10 
41 36 38 49 48 0 45 13 41 37 18 12 31 48 42 5 15 23 29 39 6 10 19 11 4 20 19 22 5 0 24 17 8 0 13 45 0 39 30 43 14 25 4 17 37 0 41 8 38 39 16 33 0 0 23 45 8 23 3 39 14 24 4 27 7 23 0 45 0 15 20 47 46 2 34 0 34 7 28 0 4 38 9 41 1 8 23 24 17 12 0 11 8 26 49 0 39 17 44 33 32 14 0 44 23 31 17 43 0 27 18 26 33 23 8 35 22 35 0 4 17 10 18 14 8 18 19 49 26 15 0 41 15 0 36 32 28 40 3 48 10 38 16 32 19 42 8 41 49 49 
40 1 14 27 5 44 9 18 30 45 23 17 27 31 18 1 0 19 19 11 7 47 23 31 38 0 1 37 34 46 18 0 0 20 49 3 33 24 4 15 47 37 18 25 21 22 3 6 0 10 26 20 15 0 7 0 40 18 34 7 14 0 39 10 7 33 43 44 10 49 41 5 31 0 24 47 0 17 39 23 0 42 32 23 0 17 35 23 0 1 21 30 28 0 48 39 24 49 37 26 33 3 43 22 19 15 5 2 6 48 46 21 19 0 0 20 18 22 35 48 35 14 28 41 12 0 8 0 0 44 28 0 29 21 21 7 41 27 10 34 48 0 42 44 32 42 8 26 22 14 
28 8 40 7 34 27 4 37 21 41 6 10 11 1 15 25 4 13 0 39 25 25 2 49 15 29 10 1 43 6 36 8 34 24 41 19 0 12 14 1 7 44 19 0 45 19 34 24 49 47 33 31 37 20 0 28 28 48 0 21 16 47 5 19 7 14 39 34 36 43 20 47 43 0 29 25 21 29 43 42 14 33 27 23 26 0 0 11 10 42 5 37 12 1 43 20 48 34 18 33 38 22 7 17 43 6 6 22 43 29 23 8 19 34 40 7 2 49 28 24 21 36 30 42 31 23 18 33 46 0 10 27 0 12 5 16 46 34 0 37 11 0 34 18 0 14 46 0 29 28 
3 5 43 8 0 16 11 7 43 27 43 44 29 21 8 28 44 40 47 30 49 16 30 1 42 28 26 32 45 23 31 6 8 22 43 47 24 32 11 0 38 10 4 32 20 38 5 5 17 5 12 40 17 35 0 30 6 23 26 20 0 44 39 5 45 30 42 18 21 7 34 34 41 23 34 46 10 38 20 0 7 21 23 18 35 33 28 1 32 8 37 37 0 4 6 0 18 4 11 28 32 31 12 45 21 34 0 33 27 29 9 0 28 35 6 41 23 26 29 48 32 41 2 3 41 14 35 2 3 46 34 32 0 0 16 41 6 1 22 1 29 16 33 36 39 19 11 0 4 0 
0 13 17 27 34 40 7 38 35 3 34 0 29 24 0 36 15 29 33 32 46 2 28 12 0 49 0 19 25 22 5 31 14 35 28 0 16 15 21 27 8 23 31 46 37 30 38 17 3 17 49 48 22 18 9 0 44 0 0 16 10 42 5 48 2 34 37 32 47 7 36 39 33 23 30 18 8 6 10 43 49 0 18 14 32 2 11 40 1 34 15 42 30 31 0 1 25 0 1 34 35 22 17 23 20 41 42 42 34 43 17 0 25 14 37 0 37 0 1 1 0 31 42 42 39 28 48 9 12 37 11 34 40 30 0 37 8 14 42 27 46 45 5 0 25 1 0 31 47 40 
42 1 20 24 17 26 34 35 0 7 29 49 4 41 12 34 13 10 15 43 31 0 33 44 43 8 27 25 3 39 39 6 6 43 39 1 17 27 0 9 47 13 0 47 31 15 37 46 25 0 19 4 42 35 45 29 23 3 17 15 10 43 21 41 5 27 37 0 13 26 21 38 0 8 14 6 0 13 41 11 0 37 1 33 0 5 0 35 18 2 19 31 45 7 38 31 15 34 34 8 28 11 11 13 0 9 32 47 43 0 38 37 23 34 15 42 38 12 0 34 13 29 45 37 34 4 13 21 28 33 38 13 49 22 19 0 38 34 23 19 0 32 38 2 36 31 24 28 35 23 
29 0 23 26 3 18 17 42 9 25 12 43 29 10 16 31 10 49 44 20 16 20 1 22 34 49 33 0 38 23 0 29 17 40 11 38 26 0 17 29 0 20 0 38 2 20 6 7 40 31 41 16 1 37 18 13 7 46 0 40 42 4 39 35 40 35 26 48 47 2 49 13 0 4 24 24 0 7 0 23 44 46 29 12 27 0 7 12 45 36 35 6 37 16 41 0 27 1 43 15 13 28 2 35 1 36 46 1 20 0 0 48 32 20 38 21 8 0 0 10 41 2 2 23 28 20 23 6 35 10 44 5 39 31 11 5 0 5 42 23 18 13 46 26 27 1 19 14 21 47 
44 7 32 0 39 36 44 17 34 25 14 2 0 25 2 11 29 9 49 33 48 24 28 19 31 39 10 0 34 15 35 40 25 25 5 44 34 10 10 20 40 47 11 48 5 31 30 31 18 14 39 48 43 5 43 42 0 24 8 41 0 47 1 22 0 20 34 30 38 16 48 0 20 32 5 32 28 31 17 49 8 35 26 24 22 29 5 46 0 14 21 0 13 37 19 46 45 25 21 22 43 26 28 18 32 11 0 4 0 29 39 40 0 31 0 22 0 30 22 22 25 27 30 31 0 23 23 7 47 14 31 43 17 29 19 49 36 0 0 15 6 41 0 0 37 44 34 3 42 37 
27 12 10 32 33 38 46 11 25 46 36 32 32 12 23 38 0 31 14 38 6 4 39 30 25 35 27 0 0 41 48 49 46 39 42 6 0 26 8 17 8 28 0 3 1 42 16 28 41 0 47 20 31 41 27 39 0 13 34 0 4 12 16 33 0 35 11 47 36 33 29 46 5 21 11 19 0 48 19 22 44 11 28 44 6 18 13 0 14 2 38 39 43 44 0 37 46 19 31 2 32 15 41 4 11 14 9 27 22 32 0 1 40 0 39 9 27 48 0 9 27 27 8 13 0 1 12 0 42 24 0 0 26 1 44 0 24 28 0 48 40 0 40 5 21 9 47 30 36 34 
44 37 47 40 0 0 11 36 29 10 5 16 12 16 45 39 0 30 0 38 40 10 1 46 0 10 3 43 25 0 6 45 25 43 5 0 26 40 42 20 27 28 30 0 8 19 3 42 0 42 43 12 18 6 42 26 9 40 44 46 9 40 0 31 1 8 33 4 39 0 1 0 0 36 33 9 20 0 45 47 27 33 0 32 29 43 11 47 32 35 0 1 6 22 33 36 44 28 34 25 19 8 13 24 47 7 39 3 23 0 15 15 11 9 1 34 33 19 8 47 8 41 2 0 37 36 47 47 0 11 11 33 47 11 22 0 25 28 31 0 2 27 36 31 28 37 16 36 6 9 
0 35 38 12 5 35 48 36 35 43 33 1 14 48 9 49 47 18 32 7 42 47 9 8 28 48 12 0 10 3 37 8 37 0 0 6 4 9 29 25 47 16 0 41 40 36 15 20 10 18 14 0 42 0 32 36 15 47 0 32 6 43 10 20 36 33 42 29 44 39 29 43 22 45 17 29 42 0 24 38 14 37 6 10 10 25 2 34 43 3 17 7 0 37 35 38 14 43 42 47 18 15 47 3 9 2 41 33 48 36 7 47 10 25 20 10 38 41 12 19 44 41 9 1 31 45 28 40 46 19 13 39 19 0 37 48 27 11 19 24 0 11 39 12 40 44 17 5 46 47 
15 45 46 25 34 29 24 46 0 25 39 36 33 41 12 4 46 0 17 20 27 49 37 31 0 34 0 29 24 42 0 39 45 15 41 19 27 0 15 35 9 3 24 5 19 1 13 44 25 39 9 28 37 4 22 30 47 41 33 3 25 25 27 27 20 25 47 30 30 10 0 21 4 1 4 34 23 44 44 42 34 33 42 17 7 6 17 38 6 42 47 32 8 8 9 27 43 46 14 8 36 39 17 27 6 29 33 11 0 40 34 19 21 29 34 29 25 11 0 24 12 6 0 0 9 0 3 20 9 27 16 28 22 20 26 10 4 45 31 1 1 0 11 9 40 27 12 26 20 49 
38 41 0 40 9 18 0 32 3 21 10 29 42 47 49 43 4 33 32 49 46 15 30 0 27 10 4 30 0 33 1 48 40 0 44 3 2 23 38 14 0 43 40 9 11 0 0 12 27 38 0 38 24 0 42 8 11 30 27 4 47 35 47 5 29 44 25 0 39 7 22 49 34 37 30 9 44 3 18 45 0 39 7 29 49 0 29 43 0 43 27 39 24 24 9 1 0 23 49 3 45 12 6 46 16 19 21 8 18 34 39 44 14 41 45 0 45 49 30 9 40 3 49 13 42 0 0 26 5 7 46 3 45 18 23 9 43 49 17 28 18 0 0 14 20 31 26 32 36 17 
18 15 0 3 44 47 35 15 21 15 37 38 5 10 49 16 0 24 22 0 24 4 26 37 10 48 48 0 0 27 44 32 0 30 0 1 31 29 16 16 39 29 46 0 34 46 34 15 32 4 12 47 19 32 0 13 9 11 11 37 33 49 27 45 33 35 34 45 46 8 0 27 43 49 0 46 20 0 48 11 22 28 36 0 0 9 44 27 24 23 48 40 31 9 43 15 34 0 46 2 0 48 0 34 7 0 3 49 0 37 47 41 0 48 48 17 23 24 31 25 35 10 3 0 31 13 14 23 12 18 5 40 12 44 48 15 10 0 38 20 24 44 4 0 46 0 37 5 12 33 
0 18 0 37 19 28 32 29 23 49 24 41 35 2 24 1 2 14 25 27 27 0 14 22 6 4 18 8 3 18 38 46 0 22 37 0 7 18 0 37 27 32 38 13 32 15 6 47 29 31 34 0 9 17 19 44 9 26 10 0 6 31 49 12 11 29 4 7 3 6 48 7 0 46 27 12 33 0 1 9 10 14 40 0 9 13 30 12 0 9 0 21 30 19 41 19 8 39 11 11 40 0 48 43 38 0 14 9 15 4 35 44 21 7 17 22 35 0 31 3 38 7 28 0 24 0 49 16 33 17 13 29 4 0 38 47 7 23 11 46 40 18 38 43 0 14 42 35 4 31 
47 0 18 34 45 28 48 0 45 7 3 17 0 48 36 23 32 21 9 30 7 26 30 49 28 44 13 45 42 29 8 42 36 19 0 35 28 35 10 38 9 36 22 1 20 5 49 0 0 27 47 0 27 30 42 49 32 9 36 13 43 44 0 25 37 46 0 44 9 0 7 23 45 48 47 0 14 5 10 6 43 13 5 30 22 24 22 2 37 17 37 6 0 0 18 29 9 17 16 15 5 32 28 16 15 48 21 30 28 11 0 12 5 29 37 7 43 33 21 25 18 16 20 37 3 3 4 4 8 40 2 46 30 40 0 37 40 45 25 7 9 35 23 45 19 0 13 43 38 35 
0 6 0 45 40 44 29 14 28 48 12 0 14 38 38 36 38 26 24 25 10 47 1 40 18 0 28 41 22 42 48 0 37 42 28 28 0 37 37 33 32 49 25 48 0 25 17 0 16 12 46 0 10 38 44 6 39 37 35 0 36 21 34 14 13 34 41 2 33 17 0 1 18 40 34 25 0 21 41 0 44 40 47 4 34 24 5 9 11 6 23 8 5 0 12 47 38 16 8 36 20 12 47 39 15 27 27 6 27 0 36 4 16 32 38 33 21 7 18 21 36 48 8 12 18 35 30 35 35 26 34 0 30 35 29 0 47 0 0 3 0 32 41 40 0 19 0 14 2 0 
9 23 38 0 0 30 0 7 45 5 36 0 47 19 35 47 21 7 4 47 17 33 10 26 42 10 14 0 9 47 5 41 22 10 12 8 26 29 18 39 23 2 18 12 27 36 2 25 34 0 11 4 47 42 23 2 4 43 43 40 31 42 10 11 44 46 28 33 0 19 38 29 20 13 1 32 12 0 2 21 37 25 32 45 33 36 45 15 1 6 43 14 32 1 44 13 9 20 48 0 6 1 35 3 47 37 29 5 0 45 0 8 46 45 0 29 0 34 47 35 44 41 16 34 6 49 8 16 0 38 0 5 48 12 27 42 4 0 35 31 29 15 49 42 0 16 0 0 32 48 
0 44 45 1 0 15 48 0 1 23 21 10 41 10 15 23 33 31 8 18 0 45 5 22 48 8 32 42 35 39 0 39 0 1 27 23 44 18 4 42 19 0 0 19 0 37 36 31 26 17 23 28 34 22 17 6 0 49 0 27 7 40 33 7 0 29 8 12 29 6 35 0 24 35 16 32 30 46 7 32 39 9 48 16 33 34 24 43 25 36 20 17 0 18 3 0 20 41 4 37 9 48 14 4 0 4 37 33 28 24 41 0 25 13 38 9 15 38 8 15 33 30 14 25 21 2 28 6 35 15 1 12 47 0 21 46 18 21 39 30 39 38 22 36 0 26 7 22 0 44 
49 7 47 31 45 1 2 0 43 4 47 18 12 31 37 10 45 28 13 44 33 27 29 47 17 18 33 13 6 10 38 16 24 29 38 46 34 35 45 13 44 26 0 13 43 35 7 15 45 40 46 17 14 30 28 0 28 49 20 4 14 8 1 18 27 33 0 42 34 28 21 3 13 30 18 34 1 4 5 35 5 16 6 24 30 31 45 9 0 0 0 0 0 6 11 20 0 7 4 27 25 0 39 7 26 28 30 27 34 17 15 0 38 44 31 31 0 39 0 16 21 47 38 2 49 47 7 20 32 18 34 1 2 3 8 30 45 29 8 32 37 44 28 33 41 0 39 48 29 0 
