25
0 14 0 24 11 32 35 13 42 35 0 43 34 47 41 25 16 16 30 5 28 32 47 30 42 
6 0 8 27 49 0 11 0 47 42 42 5 31 1 15 28 23 28 38 9 17 3 32 35 1 
4 0 0 30 42 49 3 33 40 18 4 3 44 0 21 44 5 33 22 41 23 38 3 5 45 
31 32 45 0 17 23 43 46 30 18 13 0 41 42 10 4 28 30 49 15 16 9 24 47 0 
47 18 8 43 0 40 36 24 34 16 49 40 45 17 19 20 30 2 0 11 41 26 7 0 46 
0 27 13 41 26 0 42 30 12 48 13 47 17 9 18 36 14 4 25 0 48 27 48 46 3 
45 10 10 1 28 22 0 6 0 0 12 7 1 0 38 8 2 4 42 21 0 24 19 46 35 
41 40 33 17 21 21 33 0 41 15 24 28 4 4 37 35 0 39 30 30 16 8 30 41 0 
3 3 22 44 0 38 20 42 0 0 25 3 1 26 7 16 49 42 39 45 18 30 29 15 40 
12 12 0 8 41 44 0 40 0 0 19 43 14 9 22 40 42 29 21 41 9 37 6 39 13 
30 0 44 37 19 19 34 42 47 14 0 5 40 33 27 0 9 14 22 41 6 18 0 33 43 
0 24 32 0 22 0 28 0 35 9 3 0 0 4 28 38 14 42 22 19 45 45 31 28 44 
0 0 0 29 30 34 22 9 20 0 1 17 0 39 4 30 0 49 36 23 0 30 22 36 45 
31 1 39 40 39 19 27 8 9 6 13 28 39 0 13 35 10 0 11 6 30 46 5 31 12 
47 0 49 44 39 24 48 16 32 25 3 10 43 48 0 17 16 17 19 22 46 48 27 44 28 
47 36 17 25 32 3 16 19 4 41 11 19 29 0 2 0 11 0 39 39 27 41 7 0 7 
35 11 7 17 19 31 40 38 23 2 22 0 0 7 22 47 0 0 35 35 18 38 47 18 32 
34 37 27 4 31 44 0 10 8 41 24 25 3 45 25 38 14 0 38 40 6 12 23 35 0 
5 37 18 4 20 36 18 49 0 13 33 42 6 17 36 30 0 7 0 46 13 34 48 28 25 
34 31 30 0 32 22 15 30 15 14 8 14 49 9 9 4 28 32 25 0 3 7 25 12 22 
28 31 49 40 31 10 37 37 0 15 15 33 41 39 2 0 44 6 21 41 0 0 0 29 47 
18 18 0 0 47 26 8 20 19 0 27 36 9 40 10 8 25 11 44 0 42 0 34 35 39 
21 5 12 30 44 5 0 0 13 17 10 11 0 44 7 8 0 29 24 0 22 41 0 41 31 
42 0 0 27 5 23 32 0 26 23 4 6 18 27 32 47 21 20 7 7 40 2 36 0 6 
42 0 30 7 34 16 43 49 22 24 32 11 0 39 44 32 20 38 27 30 46 9 29 20 0 
