50
0 0 8 0 9 45 33 0 39 16 11 0 35 12 25 0 38 5 8 46 28 14 27 45 45 28 6 41 0 27 7 17 16 10 47 13 30 8 0 28 28 16 26 5 33 24 48 19 7 44 
17 0 40 48 4 18 49 48 30 11 48 8 0 12 38 37 42 16 0 16 48 41 43 3 48 32 29 18 27 14 5 41 49 9 0 0 35 2 31 5 49 26 19 0 43 44 26 0 44 38 
16 9 0 49 30 1 3 49 40 31 39 32 18 12 32 0 24 36 28 10 24 35 20 20 12 25 33 5 19 0 25 14 47 38 33 26 32 10 0 42 24 38 32 0 26 0 26 49 21 40 
18 13 24 0 22 0 26 46 3 3 7 4 0 16 43 0 27 28 0 34 0 32 38 42 15 10 49 38 5 10 39 0 40 15 17 6 26 0 26 22 28 0 40 11 0 21 6 42 23 8 
27 7 0 34 0 2 17 4 3 0 35 32 30 17 6 25 6 22 12 22 39 35 47 33 31 43 47 42 18 11 40 35 14 38 28 26 16 28 22 34 4 39 16 41 25 48 42 7 3 5 
13 34 8 39 29 0 48 10 19 46 27 15 0 3 10 26 26 11 41 20 36 18 44 44 26 24 46 0 5 18 47 9 18 40 12 18 16 9 9 0 26 3 16 7 21 7 10 9 4 9 
12 18 24 46 42 35 0 10 0 46 31 17 0 0 48 1 33 42 44 0 34 36 15 20 24 15 13 31 43 49 23 10 45 0 18 0 6 7 36 3 1 46 21 43 0 39 43 4 44 29 
36 20 0 2 2 10 11 0 13 0 44 23 29 35 39 39 40 18 12 9 42 0 21 49 45 19 40 42 0 30 0 30 26 29 36 30 34 30 35 19 7 2 2 45 2 32 0 9 6 37 
22 5 19 20 0 19 45 0 0 9 0 8 4 32 14 34 0 48 48 7 38 15 0 2 40 14 16 27 22 0 15 10 12 28 25 35 23 42 48 37 15 45 47 25 27 23 8 9 46 0 
4 32 23 4 2 17 46 17 5 0 4 44 5 20 15 8 42 46 16 45 18 0 49 14 1 0 49 28 12 48 3 6 26 0 7 9 0 26 3 23 38 40 19 12 20 14 14 37 32 28 
19 0 13 36 25 24 32 39 30 27 0 19 3 40 5 39 12 43 31 28 26 19 46 49 14 25 12 0 12 25 47 38 4 49 28 9 11 34 13 39 20 34 40 0 25 37 10 11 6 22 
41 44 25 22 21 30 48 29 10 7 43 0 7 6 26 38 22 0 18 49 0 48 11 42 2 34 21 6 8 36 23 40 1 44 7 31 18 0 44 39 5 32 9 28 27 8 18 16 27 28 
0 43 34 16 32 0 22 12 9 30 0 40 0 39 30 11 4 29 13 15 12 21 0 32 27 13 34 26 4 30 43 16 14 31 11 30 34 48 28 28 25 26 24 30 35 1 5 19 3 43 
0 47 0 27 0 45 47 42 31 0 12 42 35 0 0 0 0 39 29 22 9 43 29 0 22 34 45 28 15 16 0 20 6 28 38 1 26 4 5 43 19 47 9 15 49 34 41 27 18 13 
47 8 8 13 33 30 41 31 40 16 32 20 45 48 0 48 36 8 0 0 0 0 5 10 1 32 21 0 0 30 22 36 14 24 19 27 22 28 30 29 27 42 8 20 17 33 15 28 22 44 
24 38 0 31 43 19 0 25 12 43 6 46 34 25 7 0 38 17 10 16 45 15 11 44 22 8 8 0 31 46 7 36 11 22 14 26 44 39 35 22 0 9 33 34 12 0 15 16 27 3 
43 20 38 44 0 38 42 17 40 2 23 30 36 13 1 25 0 0 0 0 0 30 39 19 0 43 25 20 25 18 17 27 0 0 0 40 10 35 0 35 26 13 41 31 12 36 39 48 22 10 
2 26 33 5 0 37 49 3 44 35 20 0 18 36 41 18 3 0 47 41 36 49 0 33 34 15 0 35 11 41 47 6 34 27 21 40 0 26 19 32 9 44 15 25 11 38 8 30 9 11 
37 0 0 43 49 0 44 43 42 40 18 0 1 47 32 0 29 14 0 4 5 28 0 11 21 41 0 15 0 21 40 39 0 41 9 31 37 18 31 11 31 42 33 41 29 12 45 6 43 14 
21 34 34 7 46 0 41 9 44 33 3 30 36 22 0 30 21 20 12 0 41 42 48 20 10 17 28 33 21 4 31 20 25 43 1 9 5 20 0 44 0 13 0 11 0 19 34 22 32 33 
45 36 14 43 17 36 1 13 7 10 23 37 0 27 9 0 11 24 0 4 0 13 49 9 0 38 13 45 1 0 6 43 0 37 8 28 27 41 0 28 25 40 0 19 19 0 23 39 23 0 
17 19 39 1 22 44 8 0 0 8 3 34 21 25 11 13 33 20 31 8 1 0 19 6 27 42 32 32 3 0 0 0 1 28 37 16 23 13 17 45 20 44 15 34 44 16 13 19 29 32 
37 38 40 17 0 10 20 45 45 7 1 26 40 11 36 3 11 9 40 42 36 16 0 9 46 47 42 45 45 31 40 40 43 15 17 0 21 9 37 32 13 24 42 29 49 2 1 30 18 41 
0 0 0 0 6 0 20 49 2 12 40 31 3 10 2 45 14 22 1 41 9 23 43 0 24 45 33 33 0 29 0 7 6 14 45 41 39 5 19 0 6 21 9 27 20 4 0 47 32 0 
0 0 38 45 11 7 36 23 28 0 41 45 33 3 35 5 29 8 1 13 28 24 2 23 0 32 23 22 36 48 46 48 14 0 44 23 31 26 7 12 0 40 13 11 43 0 0 39 19 24 
17 3 43 15 0 17 47 29 30 7 8 25 40 0 14 22 11 33 1 43 0 9 34 47 25 0 14 40 11 2 5 7 13 0 26 48 8 12 1 7 23 42 47 28 42 14 19 13 0 42 
23 32 14 23 11 0 15 34 0 41 36 38 33 42 32 42 22 3 30 11 49 10 42 33 24 32 0 43 46 28 37 40 45 0 24 0 6 27 30 28 18 5 27 38 11 0 13 28 29 42 
40 0 16 27 0 35 40 10 29 10 25 43 42 22 27 45 35 1 31 48 0 41 46 25 45 48 30 0 44 45 15 27 0 0 22 37 4 45 8 47 9 10 29 27 26 17 0 46 31 13 
24 42 0 38 33 7 1 25 45 0 47 30 3 29 29 17 13 27 10 20 5 30 6 39 36 12 5 0 0 32 33 38 36 42 4 35 45 19 39 26 10 2 1 18 1 20 49 31 29 27 
30 30 11 37 0 38 27 42 22 45 22 39 46 46 12 0 10 38 12 4 28 6 37 13 15 49 14 44 37 0 22 9 16 2 48 0 33 0 24 22 22 39 42 12 23 48 13 3 20 36 
44 13 20 0 3 34 32 15 2 0 0 20 24 46 27 34 47 27 28 38 27 40 27 38 49 16 43 35 37 12 0 0 9 38 0 31 5 25 23 0 4 24 13 9 34 28 33 2 5 0 
28 6 49 7 27 45 29 45 19 3 22 34 9 0 0 16 40 9 12 30 21 11 31 24 37 18 22 39 0 7 17 0 33 12 14 0 16 0 47 30 16 25 0 45 39 35 26 0 43 4 
22 17 8 42 0 17 45 0 0 6 3 28 2 14 22 0 29 49 47 1 31 18 35 18 10 25 0 6 24 49 22 30 0 0 29 39 40 32 15 45 0 2 0 20 1 21 46 46 20 0 
0 41 4 0 31 0 41 16 0 10 0 46 21 27 31 25 47 25 12 44 8 48 19 49 39 25 16 41 12 6 14 44 0 0 3 38 14 3 26 6 33 39 23 42 16 0 34 20 4 45 
17 28 40 24 14 19 0 7 49 1 42 49 32 29 37 5 28 49 6 14 27 35 48 19 4 1 13 40 12 38 44 6 7 1 0 45 0 45 2 29 35 6 20 15 7 2 27 23 46 28 
31 29 30 42 37 33 0 0 24 22 36 27 8 33 0 36 2 31 8 13 38 37 30 38 16 9 18 0 17 23 33 37 33 34 10 0 7 34 22 1 23 43 20 19 30 24 21 43 37 3 
26 20 34 20 0 35 32 45 32 0 48 24 13 31 25 6 26 36 0 14 29 20 45 15 1 0 5 46 48 10 24 0 48 44 11 25 0 0 37 24 6 32 43 0 14 19 12 40 37 4 
34 45 16 19 37 0 31 28 7 25 37 14 0 41 35 0 18 40 6 13 47 16 40 19 21 20 24 25 27 21 21 11 29 28 21 7 0 0 21 7 41 45 18 20 0 19 36 5 41 40 
6 48 28 17 39 34 27 18 7 21 14 35 0 35 38 8 27 29 40 17 45 47 21 27 26 49 32 1 18 27 16 46 6 41 13 16 26 18 0 48 49 37 23 21 22 2 43 30 40 40 
10 18 18 18 24 25 28 39 10 13 21 25 24 32 23 25 41 47 33 39 14 0 41 49 0 6 17 11 31 0 18 48 37 38 0 45 0 19 28 0 6 9 32 16 47 2 21 35 0 21 
19 0 0 32 28 0 49 49 33 47 29 6 28 4 3 18 39 6 35 0 28 17 33 22 16 2 0 14 25 10 0 15 2 48 24 7 11 32 28 35 0 38 31 29 13 0 26 34 15 16 
15 0 18 9 21 8 0 6 49 40 19 1 26 13 18 28 39 6 20 28 44 47 15 24 1 0 32 1 18 17 48 0 34 36 17 2 12 49 0 22 18 0 20 48 19 7 24 49 44 7 
21 34 35 27 29 46 37 42 10 37 12 22 0 17 3 32 46 38 32 14 43 12 30 48 5 13 16 0 15 42 35 0 38 15 33 31 4 6 0 22 29 47 0 0 41 3 19 0 22 8 
47 43 16 8 28 47 32 21 21 19 0 21 21 36 45 37 1 0 35 44 0 15 0 30 5 24 27 8 44 31 34 15 48 0 19 0 0 24 2 0 46 0 32 0 10 10 18 36 0 11 
0 4 0 20 42 0 0 10 25 7 0 2 4 29 48 48 7 2 31 46 0 14 11 48 48 0 18 0 41 34 32 0 33 44 5 10 43 35 21 5 18 27 45 49 0 28 37 15 37 22 
7 15 45 33 2 22 9 25 30 29 38 25 0 0 12 11 1 18 29 7 11 36 19 0 0 6 28 12 10 46 13 0 7 10 16 6 0 1 35 15 5 35 39 0 20 0 19 41 3 49 
0 39 0 17 0 26 15 42 46 47 46 30 12 40 0 0 42 45 31 46 31 0 18 23 11 35 4 2 0 7 48 27 41 27 41 0 26 20 49 0 6 6 45 0 19 27 0 3 0 10 
19 0 24 42 26 42 17 39 8 45 22 20 12 11 35 34 47 23 40 25 17 19 30 28 3 33 6 0 0 29 0 0 34 4 22 19 10 16 17 21 23 38 39 34 30 0 21 0 12 5 
48 15 48 10 20 24 20 7 5 25 30 42 25 0 19 46 39 11 15 34 26 40 29 19 20 35 32 4 41 11 36 39 36 1 15 38 32 15 21 12 31 0 20 13 35 22 3 26 0 8 
24 0 2 3 0 31 44 34 41 7 7 28 35 37 2 5 43 26 20 22 0 35 3 49 20 21 33 6 33 12 6 0 8 14 20 20 33 22 35 2 21 36 0 19 3 13 45 24 19 0 
