75
0 20 1 46 29 29 12 27 13 8 11 34 0 49 4 35 31 20 15 18 41 18 27 20 7 9 11 22 25 23 41 34 19 38 0 35 35 31 40 43 30 40 46 2 2 0 40 1 6 29 8 46 0 0 25 42 40 48 22 8 42 40 46 48 15 44 1 41 0 21 47 32 4 11 32 
40 0 25 24 19 42 42 47 11 29 43 15 47 36 36 12 31 49 22 15 29 39 10 49 10 28 18 5 0 31 34 1 18 15 41 2 9 40 23 0 45 0 46 0 0 14 2 5 26 14 27 39 18 7 9 35 43 1 0 9 27 31 36 26 32 9 0 0 7 0 8 47 47 4 26 
29 17 0 25 34 44 47 26 7 46 0 21 18 20 0 40 35 26 40 8 44 40 43 37 12 25 13 39 0 0 32 13 0 18 11 0 9 27 38 19 14 20 35 26 23 12 27 41 10 9 32 12 0 17 22 45 20 0 37 33 19 29 10 44 25 32 41 0 13 18 4 0 36 43 34 
14 45 18 0 14 2 0 29 32 0 11 14 18 33 45 19 47 40 24 30 18 43 34 26 6 25 31 7 0 28 0 0 15 0 38 0 15 42 47 7 0 37 30 0 9 21 0 27 0 38 25 36 26 32 26 29 4 21 34 0 24 32 21 13 16 4 18 4 16 30 44 17 26 20 28 
35 13 49 46 0 27 36 47 4 16 0 22 13 41 41 48 10 29 37 20 46 46 29 40 40 22 6 0 46 24 19 11 23 39 28 45 28 36 28 13 7 24 28 24 19 10 30 38 0 31 0 39 14 16 38 8 9 42 35 13 0 30 36 20 8 22 44 49 1 0 20 0 35 16 28 
0 0 28 35 36 0 32 37 4 0 37 12 47 6 15 48 31 27 47 42 48 6 43 0 43 26 33 6 18 0 36 11 43 28 31 44 0 36 16 25 10 16 0 21 3 0 39 24 16 14 22 49 36 23 32 7 45 49 15 8 42 3 43 35 40 2 40 33 20 33 32 49 34 14 5 
39 2 34 44 25 20 0 29 27 38 5 40 27 19 45 14 49 5 28 0 12 0 16 0 15 27 7 0 11 47 29 19 47 42 20 24 28 23 1 3 19 17 41 45 14 29 43 35 33 0 18 20 36 8 1 0 32 45 0 24 26 0 0 36 31 4 45 11 25 4 22 14 37 46 9 
4 40 10 4 20 0 42 0 35 28 35 12 0 0 0 39 11 31 38 41 0 8 23 31 20 0 10 14 30 47 0 45 28 0 48 11 15 17 42 40 22 31 17 17 0 18 21 18 27 28 6 36 47 9 28 0 14 17 20 35 38 47 41 9 28 31 15 46 27 14 3 22 8 34 16 
42 43 33 32 19 0 12 25 0 10 6 0 27 4 4 4 13 25 25 29 42 0 43 31 43 37 47 48 45 6 3 21 0 30 47 9 39 8 19 39 40 0 28 38 36 40 39 17 11 13 7 1 25 11 23 11 25 0 1 3 44 0 2 5 20 35 20 16 28 5 19 26 4 12 48 
35 4 33 9 12 0 11 20 4 0 46 0 44 0 8 49 19 25 25 0 3 16 0 4 0 25 20 46 47 0 28 39 0 27 21 34 4 0 22 46 25 10 25 47 40 0 18 0 48 42 46 34 33 10 21 43 40 43 20 0 35 22 28 26 44 24 1 37 38 14 14 19 36 0 34 
34 39 43 35 13 7 48 49 15 5 0 22 3 7 23 0 6 8 1 7 9 12 16 10 7 46 11 1 14 9 46 33 21 30 15 35 25 46 0 29 16 25 26 11 0 47 16 37 0 42 31 2 36 8 25 33 33 29 32 23 0 18 44 4 0 27 13 6 42 22 18 20 17 22 38 
21 37 39 0 34 0 5 34 5 17 22 0 41 49 0 15 0 0 0 40 12 9 31 31 0 12 11 25 31 30 43 19 43 17 1 31 28 4 0 18 10 41 10 18 0 37 9 21 22 43 15 11 35 23 29 34 30 13 31 5 3 41 38 48 16 23 15 26 42 36 32 40 30 43 16 
6 0 36 16 27 16 20 22 0 48 37 0 0 14 17 0 0 19 34 1 41 2 45 44 30 28 20 20 44 15 20 4 31 49 40 45 8 10 25 36 48 7 33 14 0 34 1 31 7 3 19 24 0 18 49 10 0 28 49 28 43 38 10 14 19 2 4 22 48 12 47 41 0 4 34 
22 0 2 1 42 16 30 0 0 16 0 49 15 0 33 37 0 40 26 49 11 10 11 40 28 0 32 43 15 1 40 24 18 33 22 12 3 38 13 13 31 38 46 35 38 0 21 18 0 8 48 41 44 0 33 0 0 29 37 45 6 49 20 10 19 30 40 8 43 39 31 27 33 0 0 
0 2 29 49 43 0 24 1 20 0 25 30 0 30 0 0 14 34 10 26 2 7 0 31 48 45 7 25 23 30 29 36 23 26 44 35 6 7 0 5 42 0 5 2 23 15 14 25 0 43 42 45 39 23 39 49 3 45 36 39 32 35 12 25 31 39 34 28 16 2 9 2 9 42 15 
19 32 46 10 48 44 32 4 9 0 4 43 3 21 24 0 27 17 6 38 41 48 1 2 2 24 44 2 39 45 0 40 0 16 8 4 25 14 24 32 7 9 8 8 20 1 37 16 5 27 10 28 0 16 29 47 38 36 20 14 0 44 4 10 2 3 0 11 20 37 37 47 31 9 0 
3 0 8 4 33 12 8 41 12 42 33 1 44 10 30 44 0 37 22 18 47 3 15 29 6 14 26 19 20 6 6 49 11 32 28 9 2 0 14 44 19 13 46 40 2 10 13 21 32 6 11 26 47 10 30 7 0 41 19 26 30 0 25 38 0 45 15 34 23 17 4 10 40 3 0 
35 28 13 20 3 20 20 35 24 20 3 0 0 16 23 46 14 0 2 15 16 47 16 15 29 28 17 16 21 49 16 22 24 24 10 40 48 37 0 6 9 20 0 47 30 49 22 44 47 0 21 41 0 24 8 5 2 0 33 7 8 46 45 48 45 27 14 49 36 18 0 3 15 17 25 
0 28 16 5 28 47 29 7 20 45 30 13 34 37 12 17 42 0 0 4 40 20 49 47 30 49 10 11 7 0 12 27 0 25 37 31 43 17 36 0 32 9 24 5 46 43 1 14 43 11 28 6 21 34 30 0 8 44 4 42 42 39 44 35 28 0 49 19 29 16 0 19 4 30 1 
0 15 0 6 23 3 0 47 10 22 31 39 36 19 20 0 7 6 38 0 38 41 43 43 29 44 46 42 17 48 44 39 0 26 26 1 49 17 7 7 25 16 12 37 40 32 35 44 33 39 0 47 13 12 27 12 20 13 19 0 7 18 40 39 13 19 25 16 48 18 34 41 29 20 49 
47 38 40 24 21 42 5 13 43 22 2 37 8 29 7 12 48 36 37 40 0 18 8 7 40 0 38 11 7 43 3 9 31 0 27 42 0 40 11 5 23 15 29 29 45 16 0 22 47 0 4 8 35 10 44 18 10 0 10 41 30 41 47 23 13 19 44 11 21 1 37 16 30 49 48 
44 4 0 16 8 5 27 23 25 33 36 7 1 31 15 47 36 17 38 36 26 0 12 10 13 17 24 17 31 11 46 19 31 3 6 1 3 40 35 40 27 31 16 42 20 5 48 14 14 46 37 46 0 30 20 35 49 28 22 44 4 21 14 12 41 4 0 27 18 20 9 26 49 41 16 
0 44 3 17 10 48 33 9 27 0 3 8 0 47 13 21 44 6 10 43 36 11 0 10 0 11 16 48 35 47 29 26 27 14 2 12 41 49 48 26 21 0 34 44 0 21 41 29 33 40 34 42 49 21 35 35 17 49 27 14 25 0 0 42 16 18 0 48 27 0 0 14 13 22 41 
6 0 40 5 21 17 4 4 2 0 33 47 3 26 0 17 38 32 33 0 26 34 11 0 33 34 45 10 43 27 9 15 30 19 43 0 33 36 0 7 37 15 10 13 15 45 49 33 0 33 11 0 39 30 37 23 32 0 4 1 8 0 20 48 0 2 38 13 42 1 49 24 34 44 15 
0 43 0 3 23 18 35 33 35 0 20 15 20 15 40 33 11 19 32 23 2 3 16 40 0 3 25 0 18 44 46 6 0 26 32 47 0 44 32 30 41 0 4 30 44 19 44 36 9 0 12 44 12 38 9 35 13 26 43 0 30 0 41 46 22 24 47 1 0 44 49 15 7 18 46 
6 10 36 11 4 35 22 0 37 8 36 32 25 25 26 21 40 22 0 25 22 2 24 19 30 0 28 45 44 33 31 47 44 8 30 0 9 0 44 29 29 10 31 25 49 19 34 32 35 11 0 24 31 11 13 22 25 7 45 8 0 14 8 18 30 14 23 44 24 13 20 13 3 31 3 
38 0 10 41 34 21 12 22 19 27 1 41 0 40 0 9 30 42 38 48 41 21 15 27 15 37 0 0 40 0 3 21 21 0 1 22 45 3 13 24 25 22 1 48 24 18 36 32 41 43 25 24 38 0 38 40 46 16 47 30 32 0 12 10 7 17 23 30 0 9 6 30 8 3 48 
43 10 1 3 43 43 30 10 22 1 6 0 37 13 23 44 34 35 0 16 45 19 20 9 39 6 41 0 1 32 30 10 29 0 35 0 46 12 23 0 24 35 22 0 33 4 0 0 47 48 20 19 47 14 4 17 5 49 38 47 45 20 22 34 44 16 33 9 0 5 16 11 17 0 0 
1 6 5 31 36 31 1 4 20 42 33 6 49 29 0 35 27 40 2 0 39 33 17 0 21 10 11 11 0 39 21 26 12 17 31 12 34 34 27 30 36 30 23 34 3 26 16 13 36 3 0 46 9 11 49 19 21 0 22 6 1 41 39 18 0 20 13 14 23 33 47 8 33 4 30 
25 0 21 31 23 8 32 49 32 29 14 34 36 45 36 37 14 13 16 43 36 26 10 23 2 0 24 41 33 0 41 23 36 37 28 3 25 0 24 13 49 36 0 46 0 0 42 40 40 26 47 0 0 7 24 11 0 0 10 6 33 20 11 39 45 15 22 48 49 32 29 46 39 18 31 
4 37 20 0 7 27 27 21 14 0 11 26 36 26 29 0 34 0 16 3 29 47 5 0 25 43 9 35 12 28 0 33 9 29 14 19 41 10 0 11 16 22 33 2 47 20 16 0 17 23 2 23 33 17 49 22 36 40 10 44 45 0 20 15 41 0 0 0 0 16 29 45 27 2 29 
4 47 48 31 38 0 49 14 18 20 34 36 4 0 0 31 19 35 7 31 49 0 13 46 0 31 1 37 1 39 41 0 44 0 13 46 0 2 21 23 42 44 49 10 14 33 10 19 2 48 13 5 49 29 0 35 19 29 34 34 2 23 25 31 17 2 42 9 24 43 30 40 0 3 22 
27 30 43 18 3 45 17 33 8 23 16 0 2 1 28 35 48 4 0 36 0 34 23 21 31 34 11 44 13 2 0 2 0 0 0 8 9 39 33 11 31 5 14 36 48 48 27 22 0 14 8 48 0 1 14 49 27 35 7 46 25 49 0 0 0 33 25 40 10 28 34 24 29 0 23 
7 33 10 0 16 19 36 34 0 40 33 32 0 42 48 0 20 3 19 42 8 0 9 27 17 31 1 43 37 2 31 39 31 0 48 20 5 3 0 27 0 32 40 1 0 42 6 43 27 17 41 44 10 0 5 36 44 20 23 6 23 47 0 9 8 18 25 26 46 19 16 6 0 36 49 
11 11 18 0 1 0 25 31 49 0 37 29 12 23 34 18 23 24 42 24 33 35 12 14 0 16 30 18 19 32 0 4 0 49 0 37 4 0 31 40 41 0 42 0 42 17 18 49 44 49 7 39 34 3 41 29 49 17 20 1 35 48 31 14 28 24 24 39 45 47 7 42 9 31 36 
39 0 43 49 9 15 38 9 1 45 9 11 39 8 35 44 35 0 37 0 0 20 35 16 3 19 38 15 7 20 16 27 42 19 25 0 25 46 48 5 43 0 31 9 28 0 22 0 31 2 27 38 20 4 15 26 2 13 27 32 17 10 33 22 18 19 40 10 15 29 27 34 28 26 36 
42 23 22 17 41 48 22 34 35 15 34 5 36 38 14 31 15 0 32 21 40 0 30 45 19 8 7 39 0 19 49 41 0 35 28 23 0 21 24 47 48 46 48 35 0 0 26 20 22 22 7 16 33 38 10 10 30 42 49 22 45 0 13 35 14 24 34 46 31 30 8 0 2 34 42 
30 0 14 0 36 0 43 44 0 29 33 2 31 29 7 41 34 0 34 15 22 40 18 44 28 30 42 1 5 31 0 0 36 37 35 45 6 0 24 42 19 8 0 45 18 36 0 34 0 39 1 42 26 46 19 7 20 0 37 21 9 25 0 44 19 45 21 20 3 33 24 29 10 29 12 
22 43 31 32 3 23 47 39 29 1 0 2 17 23 13 0 1 18 26 0 0 0 48 43 10 17 27 18 29 35 45 0 42 30 7 37 36 6 0 7 27 0 6 0 29 13 47 0 26 44 40 20 14 23 19 0 6 30 2 24 36 29 43 33 40 19 37 4 36 0 4 40 11 31 1 
48 39 23 0 5 0 4 30 48 47 3 11 31 34 8 38 35 0 44 32 0 40 38 6 7 32 16 6 33 25 3 45 35 35 2 30 14 3 23 0 7 6 28 10 11 40 4 19 0 15 19 10 27 17 0 47 25 45 29 2 28 24 23 8 44 27 35 31 0 0 34 0 7 43 27 
16 3 16 23 46 0 10 36 43 9 0 9 30 0 43 32 0 6 20 9 36 34 24 9 12 0 34 29 13 19 17 0 5 3 17 48 14 8 24 16 0 36 44 42 22 27 11 4 30 22 17 0 41 23 22 0 29 5 1 48 41 49 35 0 10 27 21 10 6 46 17 2 0 16 15 
32 23 13 11 29 23 29 49 4 22 11 14 24 8 24 24 15 26 0 36 2 29 31 46 34 0 40 6 35 4 10 41 38 5 5 7 42 5 22 30 12 0 29 41 25 7 18 42 26 10 44 25 23 42 36 28 28 44 43 8 42 18 28 20 0 39 20 42 12 41 19 36 21 6 40 
33 6 21 31 23 7 48 0 4 35 19 0 15 30 43 25 34 28 35 13 4 0 21 18 15 23 42 0 38 22 35 47 39 0 9 18 32 41 9 32 17 2 0 27 31 5 40 24 35 10 7 48 36 26 9 10 20 29 40 18 40 7 11 30 3 37 40 2 31 0 45 0 41 23 47 
31 11 33 8 6 6 15 37 4 23 35 20 0 48 6 24 27 46 30 14 45 44 28 34 9 30 9 49 3 6 33 8 5 20 25 6 46 24 38 31 29 24 0 0 34 19 9 39 0 8 42 48 28 0 15 41 30 45 31 11 23 35 2 25 47 47 39 30 41 40 36 2 7 43 6 
21 1 0 41 31 25 20 3 36 42 8 35 13 45 5 34 14 24 1 0 39 13 32 9 8 45 41 5 4 44 46 23 27 35 6 37 48 40 16 0 43 16 26 46 0 9 49 0 0 4 7 0 21 21 28 21 8 16 7 0 28 33 0 45 3 39 43 0 27 21 0 15 23 2 24 
30 32 43 27 5 43 25 14 0 45 0 44 0 0 11 0 6 32 43 47 45 36 5 43 41 9 37 0 10 21 46 49 23 49 15 13 31 39 8 15 3 29 12 24 8 0 40 46 13 48 25 43 18 30 45 48 29 40 31 34 39 43 2 35 2 9 48 4 32 47 41 42 19 12 45 
8 48 40 15 15 9 43 18 22 8 15 8 40 22 44 6 44 0 25 16 34 12 37 9 15 8 1 38 46 48 9 12 42 31 47 8 7 36 42 39 15 48 41 43 49 46 0 9 13 37 8 32 6 31 12 0 33 41 0 34 7 41 8 25 7 49 0 36 10 27 11 21 27 11 41 
8 49 46 35 44 28 0 14 12 44 23 8 47 1 11 42 6 19 29 46 0 0 3 17 36 40 30 18 34 36 46 37 17 3 30 3 13 10 6 23 16 4 4 10 13 35 16 0 38 0 30 25 0 42 0 39 41 1 17 33 0 0 31 43 0 0 7 1 0 28 44 0 18 8 27 
43 17 6 43 0 0 12 25 29 19 36 40 48 4 28 35 7 6 0 48 44 0 23 21 4 14 16 34 17 0 17 3 1 48 21 0 6 8 40 11 19 14 15 10 34 7 16 23 0 48 0 24 8 40 16 9 1 2 41 35 12 0 42 39 19 0 0 44 32 18 30 26 32 16 26 
0 19 41 31 27 26 4 24 48 0 11 25 33 4 24 42 6 21 0 3 35 1 15 43 48 41 35 42 21 29 0 28 36 49 39 10 46 32 5 9 29 22 16 40 36 0 22 2 20 0 44 18 21 7 3 33 2 40 41 38 0 43 23 40 0 48 38 8 22 19 17 38 48 0 20 
36 31 45 8 25 29 27 0 5 30 49 30 21 4 37 16 11 19 24 18 2 0 0 0 23 39 0 2 24 3 23 6 0 46 40 19 17 3 28 0 19 7 4 28 0 3 12 21 28 0 0 41 43 22 19 23 34 0 17 0 35 0 41 45 12 0 1 26 20 2 2 21 43 20 33 
41 30 39 48 35 5 0 37 4 27 19 0 15 20 0 7 25 32 22 21 40 33 30 13 23 46 22 15 45 3 14 3 30 41 42 18 4 31 9 39 49 0 12 37 34 0 35 30 27 4 37 0 38 23 44 46 43 3 40 28 41 20 0 43 0 39 43 22 18 27 11 24 11 31 44 
27 9 19 14 0 42 3 0 21 40 49 9 44 0 6 0 47 28 4 47 29 7 0 17 22 28 11 40 23 11 10 47 43 36 37 30 0 42 40 26 0 47 35 38 4 34 14 15 10 29 47 8 0 11 37 0 9 0 0 47 45 35 34 47 28 24 41 41 37 0 47 41 39 29 42 
3 44 17 16 34 0 25 23 3 0 13 2 26 0 0 12 8 11 1 38 23 11 29 47 21 30 11 29 39 6 8 35 16 33 5 0 4 35 17 17 11 39 46 3 18 32 0 36 33 3 26 14 37 0 27 24 39 45 25 41 39 24 17 11 13 3 24 17 15 5 41 44 0 40 26 
35 32 13 48 43 24 39 21 11 25 0 31 22 35 0 44 42 32 7 38 20 34 13 22 1 33 40 38 39 40 11 3 35 46 26 16 6 49 9 18 0 22 41 48 45 7 29 49 27 39 10 46 7 26 0 21 38 31 48 0 0 6 42 37 36 15 1 3 30 17 2 29 19 41 12 
14 49 0 11 38 49 19 19 36 3 32 44 13 28 36 5 24 28 26 2 3 47 3 22 0 48 3 2 40 14 14 10 31 0 21 7 34 47 0 22 10 43 37 23 16 33 15 4 48 18 0 40 33 13 40 0 42 24 34 37 24 38 15 32 49 7 15 31 32 0 35 38 32 10 10 
1 2 0 46 39 13 37 11 36 1 23 17 6 6 40 11 0 44 4 0 48 0 42 3 0 20 18 12 7 26 29 34 33 39 18 25 28 41 30 20 9 26 14 31 42 49 21 5 20 30 31 34 1 15 5 37 0 49 15 28 0 39 27 3 18 15 11 39 0 0 6 20 28 48 13 
14 42 3 37 48 36 0 40 11 0 22 24 3 16 30 39 1 17 25 26 46 45 49 15 1 27 38 0 23 47 28 2 45 33 0 35 0 18 11 21 0 36 19 4 24 0 28 0 49 47 22 33 47 42 18 24 27 0 15 31 17 24 33 48 19 14 8 0 46 0 12 0 47 3 0 
25 43 32 47 18 43 42 14 20 49 5 0 44 16 12 12 7 3 3 10 0 0 33 2 16 33 26 32 11 21 27 0 0 0 0 37 45 47 3 37 16 27 0 45 19 0 39 19 47 1 49 27 12 37 39 49 4 15 0 0 2 0 36 0 9 4 25 17 45 20 35 12 49 29 36 
36 39 42 22 0 1 7 0 23 27 34 16 28 18 32 4 34 48 0 32 43 40 2 20 38 6 1 49 32 43 36 29 0 14 43 45 31 0 34 0 31 0 2 3 1 11 7 25 39 3 32 49 28 1 20 47 45 44 25 0 12 4 32 8 46 31 0 0 29 15 33 33 11 30 11 
0 44 43 23 9 30 33 2 48 1 17 46 2 0 36 25 38 28 25 21 6 19 22 17 36 10 12 3 17 42 27 1 13 5 2 30 11 0 30 21 17 2 43 8 46 26 25 5 6 11 0 47 12 29 0 22 0 13 47 0 0 11 18 43 0 10 37 27 42 13 37 17 45 0 34 
40 44 0 42 4 31 32 36 29 15 33 4 21 0 0 39 2 24 37 29 8 31 18 27 18 13 0 2 30 0 39 9 8 14 45 13 17 0 7 28 30 33 48 39 41 2 46 0 32 28 38 22 49 9 26 19 20 13 5 16 33 0 0 0 49 16 49 29 23 42 49 8 42 38 12 
0 3 3 26 41 31 10 35 27 21 0 31 48 33 4 22 6 17 0 0 14 0 20 14 32 40 37 14 9 0 34 14 29 21 11 7 6 44 31 31 23 11 11 27 16 9 13 0 34 23 3 32 28 23 21 45 4 0 48 33 26 41 0 46 28 28 2 36 30 0 0 1 5 9 46 
19 4 48 46 24 31 12 49 42 47 0 11 19 16 40 0 32 35 12 45 31 30 0 14 19 28 0 15 32 16 42 40 18 16 0 42 11 0 48 30 1 20 31 15 47 0 11 22 29 26 0 47 17 9 11 0 43 22 0 0 24 0 7 0 3 36 28 3 17 20 31 33 36 0 11 
40 29 9 46 18 10 20 34 0 9 48 28 45 13 30 37 23 31 25 48 20 17 17 48 47 23 49 21 30 0 21 25 0 36 23 17 15 18 5 1 20 0 17 29 25 14 13 19 19 28 38 6 1 27 49 36 34 26 17 0 18 19 48 3 0 35 0 24 17 33 4 30 29 48 19 
10 18 16 21 12 15 8 24 41 3 49 22 42 3 22 20 12 48 37 22 38 17 0 25 4 0 31 49 43 48 0 47 0 35 42 0 13 47 17 14 21 0 37 24 38 19 15 38 29 41 0 13 33 19 16 47 33 32 43 44 2 9 49 15 0 0 23 12 37 2 29 49 7 24 49 
4 30 7 8 28 16 23 0 18 4 39 22 33 29 1 7 30 25 44 15 47 14 12 0 47 0 9 23 25 16 1 21 19 48 27 47 12 0 33 46 25 43 8 29 41 19 29 0 36 29 34 49 35 14 18 6 12 32 0 14 46 42 0 45 3 0 0 10 4 26 8 0 28 22 37 
19 30 48 0 46 34 34 0 0 12 3 8 25 2 40 10 37 17 13 22 0 48 43 39 0 1 0 22 32 47 0 2 21 18 42 0 21 23 17 19 26 36 19 0 23 1 0 46 26 45 49 0 13 6 2 2 19 30 35 12 0 47 4 28 0 2 12 0 47 11 27 4 28 36 28 
0 6 33 42 19 0 23 0 15 13 6 27 8 40 9 49 22 48 34 6 14 0 0 45 3 24 0 46 2 3 26 6 4 25 14 18 46 43 0 6 23 16 20 23 12 33 4 8 35 2 18 21 31 39 21 12 9 33 21 0 8 25 29 38 44 20 41 34 0 8 28 16 38 29 42 
12 49 2 2 13 37 15 38 11 38 14 41 34 32 25 47 2 10 0 0 11 49 14 35 15 11 30 0 14 35 40 28 31 35 2 23 11 0 33 37 45 14 23 18 16 20 8 26 43 35 13 30 35 32 21 0 0 35 0 34 24 22 10 14 35 16 24 2 43 0 5 19 5 18 14 
42 16 8 16 2 48 12 21 1 48 9 18 32 17 19 39 6 16 45 0 40 0 47 39 4 7 3 0 40 3 36 3 19 4 31 35 41 44 6 14 44 14 11 38 0 38 47 21 40 2 11 3 34 11 20 4 41 13 32 11 8 42 2 37 33 0 6 26 18 39 0 12 40 0 36 
6 30 5 37 47 23 7 46 16 29 5 0 40 37 9 43 0 33 36 4 16 13 34 14 33 31 13 43 8 21 5 0 39 1 0 3 25 8 7 27 41 2 3 3 42 0 20 0 34 41 13 10 45 25 31 9 11 6 33 0 36 0 0 29 17 40 26 0 3 3 38 0 0 9 32 
15 40 46 16 0 35 24 3 31 14 0 26 31 25 49 26 4 0 7 40 42 13 42 0 0 27 46 1 12 9 22 38 24 11 8 3 49 0 24 17 49 19 26 24 44 46 47 0 34 0 5 40 36 0 1 48 0 0 8 23 1 37 37 6 10 0 25 49 19 47 27 28 0 29 30 
4 14 25 14 0 37 0 30 7 13 32 0 0 24 26 34 35 6 45 43 11 19 49 15 1 30 18 16 17 21 0 18 16 2 46 16 21 0 47 42 12 0 38 39 15 8 21 16 46 22 27 0 28 16 32 49 0 20 3 5 0 13 48 28 27 2 16 33 46 13 0 2 7 0 36 
45 10 10 48 14 5 0 14 19 38 34 25 4 18 44 44 9 30 21 24 35 22 3 36 8 47 46 47 42 27 13 16 0 19 37 5 24 39 39 45 40 30 1 32 5 43 29 48 6 41 6 24 30 1 35 19 15 17 46 34 18 37 20 15 34 22 15 0 18 2 41 11 18 28 0 
